3.51510e+02 9.37534e+00
3.52299e+02 9.89884e+00
3.53087e+02 1.02119e+01
3.53876e+02 1.05312e+01
3.54664e+02 1.01375e+01
3.55453e+02 9.88399e+00
3.56241e+02 1.05070e+01
3.57029e+02 1.08790e+01
3.57817e+02 1.07260e+01
3.58606e+02 1.04796e+01
3.59394e+02 1.06639e+01
3.60182e+02 1.11948e+01
3.60969e+02 1.01784e+01
3.61757e+02 1.10808e+01
3.62545e+02 1.07150e+01
3.63333e+02 1.06050e+01
3.64120e+02 1.11320e+01
3.64908e+02 1.10663e+01
3.65695e+02 1.04928e+01
3.66482e+02 1.06300e+01
3.67270e+02 1.03377e+01
3.68057e+02 1.07595e+01
3.68844e+02 1.05191e+01
3.69631e+02 1.03232e+01
3.70418e+02 1.04463e+01
3.71205e+02 1.05340e+01
3.71992e+02 1.00981e+01
3.72779e+02 9.86768e+00
3.73565e+02 9.68899e+00
3.74352e+02 9.56812e+00
3.75138e+02 9.57496e+00
3.75925e+02 9.68915e+00
3.76711e+02 9.48790e+00
3.77498e+02 9.29578e+00
3.78284e+02 8.90082e+00
3.79070e+02 9.03766e+00
3.79856e+02 8.88290e+00
3.80642e+02 8.84625e+00
3.81428e+02 8.78669e+00
3.82214e+02 8.65449e+00
3.83000e+02 8.47681e+00
3.83785e+02 8.37845e+00
3.84571e+02 8.15007e+00
3.85357e+02 8.00559e+00
3.86142e+02 7.88691e+00
3.86927e+02 7.74227e+00
3.87713e+02 7.64615e+00
3.88498e+02 7.60827e+00
3.89283e+02 7.47733e+00
3.90068e+02 7.13282e+00
3.90853e+02 7.26349e+00
3.91638e+02 7.07714e+00
3.92423e+02 6.85895e+00
3.93208e+02 6.94130e+00
3.93993e+02 6.71822e+00
3.94777e+02 6.69522e+00
3.95562e+02 6.50949e+00
3.96347e+02 6.53525e+00
3.97131e+02 6.46851e+00
3.97915e+02 6.21219e+00
3.98700e+02 6.17022e+00
3.99484e+02 6.11715e+00
4.00268e+02 6.06230e+00
4.01052e+02 5.93527e+00
4.01836e+02 5.87333e+00
4.02620e+02 5.68226e+00
4.03404e+02 5.66286e+00
4.04188e+02 5.61348e+00
4.04971e+02 5.53322e+00
4.05755e+02 5.31989e+00
4.06538e+02 5.32429e+00
4.07322e+02 5.35557e+00
4.08105e+02 5.23793e+00
4.08889e+02 5.20115e+00
4.09672e+02 5.04737e+00
4.10455e+02 4.97083e+00
4.11238e+02 5.03829e+00
4.12021e+02 4.85295e+00
4.12804e+02 4.81591e+00
4.13587e+02 4.75921e+00
4.14370e+02 4.69213e+00
4.15152e+02 4.58830e+00
4.15935e+02 4.56907e+00
4.16718e+02 4.47375e+00
4.17500e+02 4.47102e+00
4.18283e+02 4.32149e+00
4.19065e+02 4.34796e+00
4.19847e+02 4.30887e+00
4.20629e+02 4.29472e+00
4.21411e+02 4.20644e+00
4.22194e+02 4.18633e+00
4.22975e+02 4.16272e+00
4.23757e+02 4.07931e+00
4.24539e+02 4.02809e+00
4.25321e+02 3.99583e+00
4.26103e+02 3.93558e+00
4.26884e+02 3.93939e+00
4.27666e+02 3.87313e+00
4.28447e+02 3.83263e+00
4.29229e+02 3.79916e+00
4.30010e+02 3.75249e+00
4.30791e+02 3.71894e+00
4.31572e+02 3.68222e+00
4.32353e+02 3.65680e+00
4.33134e+02 3.61119e+00
4.33915e+02 3.56468e+00
4.34696e+02 3.56631e+00
4.35477e+02 3.52551e+00
4.36257e+02 3.51520e+00
4.37038e+02 3.45250e+00
4.37819e+02 3.43541e+00
4.38599e+02 3.38081e+00
4.39380e+02 3.37953e+00
4.40160e+02 3.33831e+00
4.40940e+02 3.31418e+00
4.41720e+02 3.28763e+00
4.42500e+02 3.27885e+00
4.43280e+02 3.24502e+00
4.44060e+02 3.20925e+00
4.44840e+02 3.21015e+00
4.45620e+02 3.17174e+00
4.46400e+02 3.15318e+00
4.47179e+02 3.11942e+00
4.47959e+02 3.09678e+00
4.48738e+02 3.08866e+00
4.49518e+02 3.05633e+00
4.50297e+02 3.03342e+00
4.51076e+02 3.03999e+00
4.51856e+02 3.00129e+00
4.52635e+02 2.99392e+00
4.53414e+02 2.95493e+00
4.54193e+02 2.96534e+00
4.54972e+02 2.93046e+00
4.55751e+02 2.92274e+00
4.56529e+02 2.91144e+00
4.57308e+02 2.88594e+00
4.58087e+02 2.89172e+00
4.58865e+02 2.86188e+00
4.59644e+02 2.84893e+00
4.60422e+02 2.81735e+00
4.61200e+02 2.81229e+00
4.61978e+02 2.79929e+00
4.62757e+02 2.79080e+00
4.63535e+02 2.78222e+00
4.64313e+02 2.74836e+00
4.65091e+02 2.75012e+00
4.65868e+02 2.72864e+00
4.66646e+02 2.72265e+00
4.67424e+02 2.70020e+00
4.68202e+02 2.68082e+00
4.68979e+02 2.67814e+00
4.69757e+02 2.66756e+00
4.70534e+02 2.65375e+00
4.71311e+02 2.63969e+00
4.72089e+02 2.62713e+00
4.72866e+02 2.61916e+00
4.73643e+02 2.60653e+00
4.74420e+02 2.60523e+00
4.75197e+02 2.59378e+00
4.75974e+02 2.57801e+00
4.76751e+02 2.55892e+00
4.77527e+02 2.54901e+00
4.78304e+02 2.54859e+00
4.79081e+02 2.52940e+00
4.79857e+02 2.51379e+00
4.80633e+02 2.50372e+00
4.81410e+02 2.49257e+00
4.82186e+02 2.47472e+00
4.82962e+02 2.48232e+00
4.83738e+02 2.46704e+00
4.84514e+02 2.45066e+00
4.85290e+02 2.44456e+00
4.86066e+02 2.44347e+00
4.86842e+02 2.42475e+00
4.87618e+02 2.41470e+00
4.88394e+02 2.40877e+00
4.89169e+02 2.40198e+00
4.89945e+02 2.38057e+00
4.90720e+02 2.37926e+00
4.91496e+02 2.37431e+00
4.92271e+02 2.36313e+00
4.93046e+02 2.35616e+00
4.93821e+02 2.35864e+00
4.94596e+02 2.35101e+00
4.95371e+02 2.34519e+00
4.96146e+02 2.34543e+00
4.96921e+02 2.33247e+00
4.97696e+02 2.31645e+00
4.98471e+02 2.32066e+00
4.99245e+02 2.31085e+00
5.00020e+02 2.29838e+00
5.00794e+02 2.30325e+00
5.01569e+02 2.29406e+00
5.02343e+02 2.27953e+00
5.03117e+02 2.27859e+00
5.03892e+02 2.26339e+00
5.04666e+02 2.26431e+00
5.05440e+02 2.25314e+00
5.06214e+02 2.23264e+00
5.06988e+02 2.23486e+00
5.07761e+02 2.21378e+00
5.08535e+02 2.20927e+00
5.09309e+02 2.19817e+00
5.10082e+02 2.18825e+00
5.10856e+02 2.17775e+00
5.11629e+02 2.16580e+00
5.12403e+02 2.16245e+00
5.13176e+02 2.15964e+00
5.13949e+02 2.14457e+00
5.14722e+02 2.13913e+00
5.15495e+02 2.12816e+00
5.16268e+02 2.12777e+00
5.17041e+02 2.11815e+00
5.17814e+02 2.10813e+00
5.18587e+02 2.09890e+00
5.19360e+02 2.10244e+00
5.20132e+02 2.08987e+00
5.20905e+02 2.08002e+00
5.21677e+02 2.07768e+00
5.22450e+02 2.06989e+00
5.23222e+02 2.06649e+00
5.23994e+02 2.06147e+00
5.24766e+02 2.05157e+00
5.25538e+02 2.04596e+00
5.26310e+02 2.04264e+00
5.27082e+02 2.04043e+00
5.27854e+02 2.03132e+00
5.28626e+02 2.02507e+00
5.29398e+02 2.02048e+00
5.30169e+02 2.01393e+00
5.30941e+02 2.01412e+00
5.31712e+02 2.00213e+00
5.32484e+02 2.00887e+00
5.33255e+02 2.00218e+00
5.34026e+02 1.99280e+00
5.34798e+02 1.99652e+00
5.35569e+02 1.98879e+00
5.36340e+02 1.98593e+00
5.37111e+02 1.98336e+00
5.37882e+02 1.98383e+00
5.38652e+02 1.97680e+00
5.39423e+02 1.96816e+00
5.40194e+02 1.96665e+00
5.40964e+02 1.95901e+00
5.41735e+02 1.95378e+00
5.42505e+02 1.95442e+00
5.43276e+02 1.94465e+00
5.44046e+02 1.94053e+00
5.44816e+02 1.93777e+00
5.45586e+02 1.92965e+00
5.46357e+02 1.93321e+00
5.47127e+02 1.92466e+00
5.47896e+02 1.92693e+00
5.48666e+02 1.91176e+00
5.49436e+02 1.91382e+00
5.50206e+02 1.90734e+00
5.50975e+02 1.90426e+00
5.51745e+02 1.90131e+00
5.52514e+02 1.89822e+00
5.53284e+02 1.90315e+00
5.54053e+02 1.89224e+00
5.54822e+02 1.88601e+00
5.55592e+02 1.88224e+00
5.56361e+02 1.87804e+00
5.57130e+02 1.87870e+00
5.57899e+02 1.87858e+00
5.58667e+02 1.87115e+00
5.59436e+02 1.87294e+00
5.60205e+02 1.86665e+00
5.60974e+02 1.86441e+00
5.61742e+02 1.86845e+00
5.62511e+02 1.85787e+00
5.63279e+02 1.85879e+00
5.64047e+02 1.85656e+00
5.64816e+02 1.85215e+00
5.65584e+02 1.85065e+00
5.66352e+02 1.84169e+00
5.67120e+02 1.84457e+00
5.67888e+02 1.84008e+00
5.68656e+02 1.83795e+00
5.69424e+02 1.83657e+00
5.70192e+02 1.83288e+00
5.70959e+02 1.83112e+00
5.71727e+02 1.83161e+00
5.72494e+02 1.82847e+00
5.73262e+02 1.82593e+00
5.74029e+02 1.82834e+00
5.74796e+02 1.82375e+00
5.75564e+02 1.82067e+00
5.76331e+02 1.81678e+00
5.77098e+02 1.81671e+00
5.77865e+02 1.81922e+00
5.78632e+02 1.80954e+00
5.79399e+02 1.80417e+00
5.80166e+02 1.80631e+00
5.80932e+02 1.80349e+00
5.81699e+02 1.80260e+00
5.82465e+02 1.79866e+00
5.83232e+02 1.79803e+00
5.83998e+02 1.79537e+00
5.84765e+02 1.79809e+00
5.85531e+02 1.79300e+00
5.86297e+02 1.79280e+00
5.87063e+02 1.79597e+00
5.87829e+02 1.79187e+00
5.88595e+02 1.79055e+00
5.89361e+02 1.78839e+00
5.90127e+02 1.79189e+00
5.90893e+02 1.79409e+00
5.91658e+02 1.79496e+00
5.92424e+02 1.79552e+00
5.93189e+02 1.79462e+00
5.93955e+02 1.79314e+00
5.94720e+02 1.79241e+00
5.95485e+02 1.79201e+00
5.96251e+02 1.79503e+00
5.97016e+02 1.79233e+00
5.97781e+02 1.79011e+00
5.98546e+02 1.78679e+00
5.99311e+02 1.78700e+00
6.00075e+02 1.78136e+00
6.00840e+02 1.78101e+00
6.01605e+02 1.77791e+00
6.02369e+02 1.77461e+00
6.03134e+02 1.76487e+00
6.03898e+02 1.76641e+00
6.04663e+02 1.76440e+00
6.05427e+02 1.76333e+00
6.06191e+02 1.76095e+00
6.06956e+02 1.75664e+00
6.07720e+02 1.75316e+00
6.08484e+02 1.74766e+00
6.09248e+02 1.75076e+00
6.10011e+02 1.74620e+00
6.10775e+02 1.74289e+00
6.11539e+02 1.73965e+00
6.12303e+02 1.73792e+00
6.13066e+02 1.73634e+00
6.13830e+02 1.74036e+00
6.14593e+02 1.73859e+00
6.15356e+02 1.73516e+00
6.16120e+02 1.73195e+00
6.16883e+02 1.73252e+00
6.17646e+02 1.73095e+00
6.18409e+02 1.73520e+00
6.19172e+02 1.73329e+00
6.19935e+02 1.73604e+00
6.20698e+02 1.73995e+00
6.21460e+02 1.73934e+00
6.22223e+02 1.73866e+00
6.22986e+02 1.74186e+00
6.23748e+02 1.74011e+00
6.24511e+02 1.73850e+00
6.25273e+02 1.73806e+00
6.26035e+02 1.73889e+00
6.26797e+02 1.73720e+00
6.27560e+02 1.73384e+00
6.28322e+02 1.72818e+00
6.29084e+02 1.72598e+00
6.29845e+02 1.72468e+00
6.30607e+02 1.72123e+00
6.31369e+02 1.71944e+00
6.32131e+02 1.71513e+00
6.32892e+02 1.71092e+00
6.33654e+02 1.71241e+00
6.34415e+02 1.70881e+00
6.35177e+02 1.70797e+00
6.35938e+02 1.70362e+00
6.36699e+02 1.70471e+00
6.37460e+02 1.70081e+00
6.38222e+02 1.70303e+00
6.38983e+02 1.70070e+00
6.39744e+02 1.70188e+00
6.40504e+02 1.69734e+00
6.41265e+02 1.69762e+00
6.42026e+02 1.69781e+00
6.42787e+02 1.69637e+00
6.43547e+02 1.69618e+00
6.44308e+02 1.69714e+00
6.45068e+02 1.69459e+00
6.45828e+02 1.69569e+00
6.46589e+02 1.69669e+00
6.47349e+02 1.69930e+00
6.48109e+02 1.69686e+00
6.48869e+02 1.69896e+00
6.49629e+02 1.69788e+00
6.50389e+02 1.69764e+00
6.51149e+02 1.69941e+00
6.51908e+02 1.69891e+00
6.52668e+02 1.70366e+00
6.53428e+02 1.70486e+00
6.54187e+02 1.70288e+00
6.54947e+02 1.70432e+00
6.55706e+02 1.69909e+00
6.56465e+02 1.70153e+00
6.57224e+02 1.70563e+00
6.57984e+02 1.70259e+00
6.58743e+02 1.70249e+00
6.59502e+02 1.70409e+00
6.60261e+02 1.70509e+00
6.61019e+02 1.70743e+00
6.61778e+02 1.70441e+00
6.62537e+02 1.70600e+00
6.63296e+02 1.70669e+00
6.64054e+02 1.70812e+00
6.64813e+02 1.70917e+00
6.65571e+02 1.70900e+00
6.66329e+02 1.71197e+00
6.67088e+02 1.71097e+00
6.67846e+02 1.70870e+00
6.68604e+02 1.71137e+00
6.69362e+02 1.71410e+00
6.70120e+02 1.70955e+00
6.70878e+02 1.71253e+00
6.71635e+02 1.71512e+00
6.72393e+02 1.71540e+00
6.73151e+02 1.71937e+00
6.73908e+02 1.71363e+00
6.74666e+02 1.71867e+00
6.75423e+02 1.71585e+00
6.76181e+02 1.71694e+00
6.76938e+02 1.71864e+00
6.77695e+02 1.71630e+00
6.78452e+02 1.72119e+00
6.79209e+02 1.72572e+00
6.79966e+02 1.72238e+00
6.80723e+02 1.72728e+00
6.81480e+02 1.72863e+00
6.82237e+02 1.72949e+00
6.82993e+02 1.72832e+00
6.83750e+02 1.72973e+00
6.84506e+02 1.73303e+00
6.85263e+02 1.73422e+00
6.86019e+02 1.73645e+00
6.86776e+02 1.73796e+00
6.87532e+02 1.73589e+00
6.88288e+02 1.73878e+00
6.89044e+02 1.73841e+00
6.89800e+02 1.74241e+00
6.90556e+02 1.74264e+00
6.91312e+02 1.74472e+00
6.92068e+02 1.74141e+00
6.92823e+02 1.74701e+00
6.93579e+02 1.74072e+00
6.94334e+02 1.74493e+00
6.95090e+02 1.74611e+00
6.95845e+02 1.74453e+00
6.96601e+02 1.74806e+00
6.97356e+02 1.75243e+00
6.98111e+02 1.75049e+00
6.98866e+02 1.75218e+00
6.99621e+02 1.75644e+00
7.00376e+02 1.75630e+00
7.01131e+02 1.75776e+00
7.01886e+02 1.75692e+00
7.02641e+02 1.75454e+00
7.03395e+02 1.76193e+00
7.04150e+02 1.76556e+00
7.04904e+02 1.76418e+00
7.05659e+02 1.76197e+00
7.06413e+02 1.76866e+00
7.07167e+02 1.76648e+00
7.07922e+02 1.77070e+00
7.08676e+02 1.77030e+00
7.09430e+02 1.77190e+00
7.10184e+02 1.77201e+00
7.10938e+02 1.77888e+00
7.11692e+02 1.77623e+00
7.12445e+02 1.78018e+00
7.13199e+02 1.78234e+00
7.13953e+02 1.78803e+00
7.14706e+02 1.78919e+00
7.15460e+02 1.79120e+00
7.16213e+02 1.79493e+00
7.16966e+02 1.80113e+00
7.17719e+02 1.80743e+00
7.18473e+02 1.81234e+00
7.19226e+02 1.81975e+00
7.19979e+02 1.82827e+00
7.20732e+02 1.83812e+00
7.21484e+02 1.83769e+00
7.22237e+02 1.84308e+00
7.22990e+02 1.84408e+00
7.23743e+02 1.84501e+00
7.24495e+02 1.85291e+00
7.25248e+02 1.85178e+00
7.26000e+02 1.84999e+00
7.26752e+02 1.85206e+00
7.27505e+02 1.85238e+00
7.28257e+02 1.85566e+00
7.29009e+02 1.85361e+00
7.29761e+02 1.85212e+00
7.30513e+02 1.85314e+00
7.31265e+02 1.85728e+00
7.32017e+02 1.85612e+00
7.32768e+02 1.85968e+00
7.33520e+02 1.85677e+00
7.34272e+02 1.86026e+00
7.35023e+02 1.86514e+00
7.35775e+02 1.86894e+00
7.36526e+02 1.87206e+00
7.37277e+02 1.87381e+00
7.38028e+02 1.87903e+00
7.38780e+02 1.88244e+00
7.39531e+02 1.88723e+00
7.40282e+02 1.88512e+00
7.41033e+02 1.88215e+00
7.41783e+02 1.88516e+00
7.42534e+02 1.88699e+00
7.43285e+02 1.89039e+00
7.44035e+02 1.89148e+00
7.44786e+02 1.88806e+00
7.45536e+02 1.88735e+00
7.46287e+02 1.89269e+00
7.47037e+02 1.89227e+00
7.47787e+02 1.89181e+00
7.48538e+02 1.88933e+00
7.49288e+02 1.89062e+00
7.50038e+02 1.89499e+00
7.50788e+02 1.89751e+00
7.51537e+02 1.89537e+00
7.52287e+02 1.88969e+00
7.53037e+02 1.88749e+00
7.53787e+02 1.88869e+00
7.54536e+02 1.88909e+00
7.55286e+02 1.89137e+00
7.56035e+02 1.88564e+00
7.56784e+02 1.88244e+00
7.57534e+02 1.88302e+00
7.58283e+02 1.88586e+00
7.59032e+02 1.88533e+00
7.59781e+02 1.88337e+00
7.60530e+02 1.88435e+00
7.61279e+02 1.88451e+00
7.62028e+02 1.88716e+00
7.62776e+02 1.89490e+00
7.63525e+02 1.89513e+00
7.64274e+02 1.89341e+00
7.65022e+02 1.89320e+00
7.65771e+02 1.89769e+00
7.66519e+02 1.90050e+00
7.67267e+02 1.90520e+00
7.68015e+02 1.90706e+00
7.68764e+02 1.90357e+00
7.69512e+02 1.90829e+00
7.70260e+02 1.91638e+00
7.71008e+02 1.92458e+00
7.71755e+02 1.92871e+00
7.72503e+02 1.92408e+00
7.73251e+02 1.92884e+00
7.73999e+02 1.93155e+00
7.74746e+02 1.93850e+00
7.75494e+02 1.94982e+00
7.76241e+02 1.95447e+00
7.76988e+02 1.95341e+00
7.77736e+02 1.95659e+00
7.78483e+02 1.96077e+00
7.79230e+02 1.97195e+00
7.79977e+02 1.97687e+00
7.80724e+02 1.97927e+00
7.81471e+02 1.97782e+00
7.82217e+02 1.97976e+00
7.82964e+02 1.98778e+00
7.83711e+02 1.99731e+00
7.84457e+02 2.00529e+00
7.85204e+02 2.00760e+00
7.85950e+02 2.01099e+00
7.86697e+02 2.01214e+00
7.87443e+02 2.02279e+00
7.88189e+02 2.03452e+00
7.88935e+02 2.03697e+00
7.89681e+02 2.03432e+00
7.90427e+02 2.04196e+00
7.91173e+02 2.04416e+00
7.91919e+02 2.05932e+00
7.92665e+02 2.06754e+00
7.93410e+02 2.07239e+00
7.94156e+02 2.07054e+00
7.94901e+02 2.07106e+00
7.95647e+02 2.07668e+00
7.96392e+02 2.08535e+00
7.97138e+02 2.10210e+00
7.97883e+02 2.10718e+00
7.98628e+02 2.10603e+00
7.99373e+02 2.10220e+00
8.00118e+02 2.10814e+00
8.00863e+02 2.11542e+00
8.01608e+02 2.12734e+00
8.02353e+02 2.14083e+00
8.03097e+02 2.13814e+00
8.03842e+02 2.13622e+00
8.04586e+02 2.13840e+00
8.05331e+02 2.14868e+00
8.06075e+02 2.16482e+00
8.06820e+02 2.17575e+00
8.07564e+02 2.17612e+00
8.08308e+02 2.17525e+00
8.09052e+02 2.17135e+00
8.09796e+02 2.17949e+00
8.10540e+02 2.19540e+00
8.11284e+02 2.20815e+00
8.12028e+02 2.21570e+00
8.12772e+02 2.21997e+00
8.13515e+02 2.21778e+00
8.14259e+02 2.21948e+00
8.15002e+02 2.23270e+00
8.15746e+02 2.24813e+00
8.16489e+02 2.25926e+00
8.17232e+02 2.26142e+00
8.17976e+02 2.25537e+00
8.18719e+02 2.25597e+00
8.19462e+02 2.26696e+00
8.20205e+02 2.28701e+00
8.20948e+02 2.30280e+00
8.21690e+02 2.30452e+00
8.22433e+02 2.30025e+00
8.23176e+02 2.29315e+00
8.23919e+02 2.29736e+00
8.24661e+02 2.31056e+00
8.25403e+02 2.32899e+00
8.26146e+02 2.34284e+00
8.26888e+02 2.34817e+00
8.27630e+02 2.34271e+00
8.28373e+02 2.33728e+00
8.29115e+02 2.34158e+00
8.29857e+02 2.35575e+00
8.30599e+02 2.37481e+00
8.31340e+02 2.39060e+00
8.32082e+02 2.39383e+00
8.32824e+02 2.38516e+00
8.33566e+02 2.38097e+00
8.34307e+02 2.38390e+00
8.35049e+02 2.40625e+00
8.35790e+02 2.42553e+00
8.36531e+02 2.44182e+00
8.37273e+02 2.44614e+00
8.38014e+02 2.43191e+00
8.38755e+02 2.41996e+00
8.39496e+02 2.42950e+00
8.40237e+02 2.44566e+00
8.40978e+02 2.46757e+00
8.41719e+02 2.48422e+00
8.42459e+02 2.48738e+00
8.43200e+02 2.48576e+00
8.43941e+02 2.47126e+00
8.44681e+02 2.46889e+00
8.45421e+02 2.47815e+00
8.46162e+02 2.50179e+00
8.46902e+02 2.51860e+00
8.47642e+02 2.53212e+00
8.48382e+02 2.53339e+00
8.49123e+02 2.52145e+00
8.49863e+02 2.50919e+00
8.50602e+02 2.50994e+00
8.51342e+02 2.53303e+00
8.52082e+02 2.55837e+00
8.52822e+02 2.57973e+00
8.53561e+02 2.58627e+00
8.54301e+02 2.58073e+00
8.55040e+02 2.56887e+00
8.55780e+02 2.56353e+00
8.56519e+02 2.57575e+00
8.57258e+02 2.60013e+00
8.57997e+02 2.62616e+00
8.58737e+02 2.64243e+00
8.59476e+02 2.63206e+00
8.60214e+02 2.62444e+00
8.60953e+02 2.61034e+00
8.61692e+02 2.61933e+00
8.62431e+02 2.64677e+00
8.63169e+02 2.67825e+00
8.63908e+02 2.69570e+00
8.64647e+02 2.69947e+00
8.65385e+02 2.69165e+00
8.66123e+02 2.67451e+00
8.66862e+02 2.67485e+00
8.67600e+02 2.69330e+00
8.68338e+02 2.72517e+00
8.69076e+02 2.75348e+00
8.69814e+02 2.77035e+00
8.70552e+02 2.77558e+00
8.71290e+02 2.76756e+00
8.72027e+02 2.77042e+00
8.72765e+02 2.77913e+00
8.73503e+02 2.79471e+00
8.74240e+02 2.83684e+00
8.74977e+02 2.87681e+00
8.75715e+02 2.89018e+00
8.76452e+02 2.88226e+00
8.77189e+02 2.87158e+00
8.77927e+02 2.85700e+00
8.78664e+02 2.86475e+00
8.79401e+02 2.88846e+00
8.80137e+02 2.91768e+00
8.80874e+02 2.93424e+00
8.81611e+02 2.93936e+00
8.82348e+02 2.92843e+00
8.83084e+02 2.90890e+00
8.83821e+02 2.89415e+00
8.84557e+02 2.91056e+00
8.85294e+02 2.94157e+00
8.86030e+02 2.97319e+00
8.86766e+02 2.99000e+00
8.87503e+02 2.98615e+00
8.88239e+02 2.97225e+00
8.88975e+02 2.95837e+00
8.89711e+02 2.94477e+00
8.90446e+02 2.95587e+00
8.91182e+02 2.97996e+00
8.91918e+02 3.01798e+00
8.92654e+02 3.03277e+00
8.93389e+02 3.04258e+00
8.94125e+02 3.03855e+00
8.94860e+02 3.02726e+00
8.95595e+02 3.02627e+00
8.96331e+02 3.03319e+00
8.97066e+02 3.05316e+00
8.97801e+02 3.08447e+00
8.98536e+02 3.11465e+00
8.99271e+02 3.12193e+00
9.00006e+02 3.11861e+00
9.00741e+02 3.11674e+00
9.01476e+02 3.10892e+00
9.02210e+02 3.10907e+00
9.02945e+02 3.13436e+00
9.03679e+02 3.17159e+00
9.04414e+02 3.20150e+00
9.05148e+02 3.21986e+00
9.05882e+02 3.21504e+00
9.06617e+02 3.20943e+00
9.07351e+02 3.20859e+00
9.08085e+02 3.21204e+00
9.08819e+02 3.23598e+00
9.09553e+02 3.26817e+00
9.10287e+02 3.29850e+00
9.11020e+02 3.33031e+00
9.11754e+02 3.33406e+00
9.12488e+02 3.33389e+00
9.13221e+02 3.33382e+00
9.13955e+02 3.33936e+00
9.14688e+02 3.34340e+00
9.15421e+02 3.37395e+00
9.16155e+02 3.40900e+00
9.16888e+02 3.44157e+00
9.17621e+02 3.46354e+00
9.18354e+02 3.48234e+00
9.19087e+02 3.49089e+00
9.19820e+02 3.49695e+00
9.20553e+02 3.51155e+00
9.21285e+02 3.52448e+00
9.22018e+02 3.56997e+00
9.22751e+02 3.60699e+00
9.23483e+02 3.65516e+00
9.24216e+02 3.69298e+00
9.24948e+02 3.72027e+00
9.25680e+02 3.74548e+00
9.26412e+02 3.76842e+00
9.27145e+02 3.78179e+00
9.27877e+02 3.82053e+00
9.28609e+02 3.87516e+00
9.29340e+02 3.94616e+00
9.30072e+02 4.01115e+00
9.30804e+02 4.07473e+00
9.31536e+02 4.13784e+00
9.32267e+02 4.19690e+00
9.32999e+02 4.27228e+00
9.33730e+02 4.34631e+00
9.34462e+02 4.46658e+00
9.35193e+02 4.60677e+00
9.35924e+02 4.79925e+00
9.36655e+02 5.01929e+00
9.37386e+02 5.22311e+00
9.38117e+02 5.44165e+00
9.38848e+02 5.62815e+00
9.39579e+02 5.78269e+00
9.40310e+02 5.93980e+00
9.41041e+02 6.06475e+00
9.41771e+02 6.17949e+00
9.42502e+02 6.27349e+00
9.43232e+02 6.33412e+00
9.43963e+02 6.36128e+00
9.44693e+02 6.33802e+00
9.45423e+02 6.31454e+00
9.46154e+02 6.23241e+00
9.46884e+02 6.15233e+00
9.47614e+02 6.06977e+00
9.48344e+02 5.98496e+00
9.49074e+02 5.95063e+00
9.49803e+02 5.87240e+00
9.50533e+02 5.80560e+00
9.51263e+02 5.74058e+00
9.51992e+02 5.67423e+00
9.52722e+02 5.61380e+00
9.53451e+02 5.53757e+00
9.54181e+02 5.47445e+00
9.54910e+02 5.41538e+00
9.55639e+02 5.36312e+00
9.56368e+02 5.33399e+00
9.57097e+02 5.30699e+00
9.57826e+02 5.30179e+00
9.58555e+02 5.25724e+00
9.59284e+02 5.24445e+00
9.60013e+02 5.23043e+00
9.60741e+02 5.20559e+00
9.61470e+02 5.18546e+00
9.62199e+02 5.16840e+00
9.62927e+02 5.15915e+00
9.63655e+02 5.16842e+00
9.64384e+02 5.18079e+00
9.65112e+02 5.19287e+00
9.65840e+02 5.20085e+00
9.66568e+02 5.20150e+00
9.67296e+02 5.21924e+00
9.68024e+02 5.21951e+00
9.68752e+02 5.22474e+00
9.69480e+02 5.22576e+00
9.70208e+02 5.24624e+00
9.70935e+02 5.28011e+00
9.71663e+02 5.30245e+00
9.72390e+02 5.33158e+00
9.73118e+02 5.36834e+00
9.73845e+02 5.38135e+00
9.74572e+02 5.41632e+00
9.75299e+02 5.44643e+00
9.76027e+02 5.46681e+00
9.76754e+02 5.49290e+00
9.77481e+02 5.52723e+00
9.78207e+02 5.56451e+00
9.78934e+02 5.60276e+00
9.79661e+02 5.63393e+00
9.80388e+02 5.67872e+00
9.81114e+02 5.73977e+00
9.81841e+02 5.80926e+00
9.82567e+02 5.87413e+00
9.83294e+02 5.93504e+00
9.84020e+02 5.99337e+00
9.84746e+02 6.01499e+00
9.85472e+02 6.07117e+00
9.86198e+02 6.12701e+00
9.86924e+02 6.15712e+00
9.87650e+02 6.18261e+00
9.88376e+02 6.21024e+00
9.89102e+02 6.26207e+00
9.89828e+02 6.29690e+00
9.90553e+02 6.33984e+00
9.91279e+02 6.38358e+00
9.92004e+02 6.40066e+00
9.92730e+02 6.42371e+00
9.93455e+02 6.42940e+00
9.94180e+02 6.44284e+00
9.94905e+02 6.45613e+00
9.95630e+02 6.48031e+00
9.96355e+02 6.50344e+00
9.97080e+02 6.50881e+00
9.97805e+02 6.56721e+00
9.98530e+02 6.61197e+00
9.99255e+02 6.64799e+00
9.99979e+02 6.68715e+00
1.00070e+03 6.72909e+00
1.00143e+03 6.76723e+00
1.00215e+03 6.80336e+00
1.00288e+03 6.82345e+00
1.00360e+03 6.86661e+00
1.00433e+03 6.90235e+00
1.00505e+03 6.98813e+00
1.00577e+03 7.06121e+00
1.00650e+03 7.13912e+00
1.00722e+03 7.23300e+00
1.00795e+03 7.32061e+00
1.00867e+03 7.40042e+00
1.00939e+03 7.45630e+00
1.01012e+03 7.51641e+00
1.01084e+03 7.57399e+00
1.01156e+03 7.64467e+00
1.01229e+03 7.74188e+00
1.01301e+03 7.83004e+00
1.01373e+03 7.93219e+00
1.01446e+03 8.06667e+00
1.01518e+03 8.18824e+00
1.01590e+03 8.28835e+00
1.01662e+03 8.42090e+00
1.01735e+03 8.51981e+00
1.01807e+03 8.60420e+00
1.01879e+03 8.70555e+00
1.01952e+03 8.76326e+00
1.02024e+03 8.86571e+00
1.02096e+03 9.00491e+00
1.02168e+03 9.14110e+00
1.02241e+03 9.31350e+00
1.02313e+03 9.48465e+00
1.02385e+03 9.62376e+00
1.02457e+03 9.81601e+00
1.02530e+03 9.94867e+00
1.02602e+03 1.00843e+01
1.02674e+03 1.01836e+01
1.02746e+03 1.03279e+01
1.02818e+03 1.04657e+01
1.02890e+03 1.06123e+01
1.02962e+03 1.07773e+01
1.03035e+03 1.10296e+01
1.03107e+03 1.12483e+01
1.03179e+03 1.14911e+01
1.03251e+03 1.16983e+01
1.03323e+03 1.19653e+01
1.03395e+03 1.21129e+01
1.03467e+03 1.22919e+01
1.03539e+03 1.24996e+01
1.03612e+03 1.26475e+01
1.03684e+03 1.28637e+01
1.03756e+03 1.31182e+01
1.03828e+03 1.33601e+01
1.03900e+03 1.36802e+01
1.03972e+03 1.40330e+01
1.04044e+03 1.43528e+01
1.04116e+03 1.46632e+01
1.04188e+03 1.49139e+01
1.04260e+03 1.52199e+01
1.04332e+03 1.54514e+01
1.04404e+03 1.56774e+01
1.04476e+03 1.60130e+01
1.04548e+03 1.62408e+01
1.04620e+03 1.64716e+01
1.04692e+03 1.69262e+01
1.04764e+03 1.73200e+01
1.04836e+03 1.77915e+01
1.04908e+03 1.82697e+01
1.04980e+03 1.87223e+01
1.05052e+03 1.91426e+01
1.05124e+03 1.95503e+01
1.05196e+03 2.01031e+01
1.05268e+03 2.04791e+01
1.05339e+03 2.08026e+01
1.05411e+03 2.11999e+01
1.05483e+03 2.15650e+01
1.05555e+03 2.19839e+01
1.05627e+03 2.26336e+01
1.05699e+03 2.31365e+01
1.05771e+03 2.35356e+01
1.05843e+03 2.40504e+01
1.05914e+03 2.46806e+01
1.05986e+03 2.50926e+01
1.06058e+03 2.54704e+01
1.06130e+03 2.59042e+01
1.06202e+03 2.63660e+01
1.06274e+03 2.66441e+01
1.06345e+03 2.70475e+01
1.06417e+03 2.74929e+01
1.06489e+03 2.79708e+01
1.06561e+03 2.83839e+01
1.06633e+03 2.91433e+01
1.06704e+03 2.98098e+01
1.06776e+03 3.03182e+01
1.06848e+03 3.11601e+01
1.06920e+03 3.17177e+01
1.06991e+03 3.24292e+01
1.07063e+03 3.26229e+01
1.07135e+03 3.30721e+01
1.07207e+03 3.35673e+01
1.07278e+03 3.42741e+01
1.07350e+03 3.46267e+01
1.07422e+03 3.54396e+01
1.07493e+03 3.60518e+01
1.07565e+03 3.68726e+01
1.07637e+03 3.76896e+01
1.07708e+03 3.86324e+01
1.07780e+03 3.92029e+01
1.07852e+03 4.00548e+01
1.07923e+03 4.06274e+01
1.07995e+03 4.14308e+01
1.08067e+03 4.21195e+01
1.08138e+03 4.26167e+01
1.08210e+03 4.31300e+01
1.08281e+03 4.38050e+01
1.08353e+03 4.46383e+01
1.08425e+03 4.54623e+01
1.08496e+03 4.62364e+01
1.08568e+03 4.78277e+01
1.08639e+03 4.87604e+01
1.08711e+03 4.99906e+01
1.08782e+03 5.11863e+01
1.08854e+03 5.17357e+01
1.08926e+03 5.31064e+01
1.08997e+03 5.33981e+01
1.09069e+03 5.43026e+01
1.09140e+03 5.50455e+01
1.09212e+03 5.58374e+01
1.09283e+03 5.71248e+01
1.09355e+03 5.79211e+01
1.09426e+03 5.93537e+01
1.09497e+03 6.11295e+01
1.09569e+03 6.21367e+01
1.09640e+03 6.33790e+01
1.09712e+03 6.52497e+01
1.09783e+03 6.63068e+01
1.09855e+03 6.73826e+01
1.09926e+03 6.88556e+01
1.09998e+03 6.91994e+01
1.10069e+03 7.11149e+01
1.10140e+03 7.16878e+01
1.10212e+03 7.33400e+01
1.10283e+03 7.47975e+01
1.10355e+03 7.71963e+01
1.10426e+03 7.89760e+01
1.10497e+03 8.13940e+01
1.10569e+03 8.24485e+01
1.10640e+03 8.41100e+01
1.10712e+03 8.58667e+01
1.10783e+03 8.72555e+01
1.10854e+03 8.85419e+01
1.10926e+03 9.02767e+01
1.10997e+03 9.22566e+01
1.11068e+03 9.46095e+01
1.11139e+03 9.76526e+01
1.11211e+03 1.01051e+02
1.11282e+03 1.03659e+02
1.11353e+03 1.04983e+02
1.11425e+03 1.07649e+02
1.11496e+03 1.10021e+02
1.11567e+03 1.10797e+02
1.11638e+03 1.13335e+02
1.11710e+03 1.16627e+02
1.11781e+03 1.20033e+02
1.11852e+03 1.24627e+02
1.11923e+03 1.28742e+02
1.11994e+03 1.30567e+02
1.12066e+03 1.36089e+02
1.12137e+03 1.38668e+02
1.12208e+03 1.41123e+02
1.12279e+03 1.46303e+02
1.12351e+03 1.52965e+02
1.12422e+03 1.58223e+02
1.12493e+03 1.65067e+02
1.12564e+03 1.68506e+02
