3.51510e+02 1.79533e-01
3.52299e+02 1.86581e-01
3.53087e+02 1.95149e-01
3.53876e+02 1.88627e-01
3.54664e+02 1.95692e-01
3.55453e+02 1.92720e-01
3.56241e+02 1.97208e-01
3.57029e+02 1.96267e-01
3.57817e+02 1.94952e-01
3.58606e+02 2.03464e-01
3.59394e+02 1.99305e-01
3.60182e+02 1.97193e-01
3.60969e+02 2.02592e-01
3.61757e+02 2.01670e-01
3.62545e+02 2.00392e-01
3.63333e+02 2.02185e-01
3.64120e+02 2.09477e-01
3.64908e+02 2.07752e-01
3.65695e+02 2.02087e-01
3.66482e+02 1.92187e-01
3.67270e+02 2.00753e-01
3.68057e+02 1.97834e-01
3.68844e+02 1.98709e-01
3.69631e+02 1.98099e-01
3.70418e+02 1.91178e-01
3.71205e+02 1.90287e-01
3.71992e+02 1.87285e-01
3.72779e+02 1.94662e-01
3.73565e+02 1.85638e-01
3.74352e+02 1.83003e-01
3.75138e+02 1.80086e-01
3.75925e+02 1.80256e-01
3.76711e+02 1.77272e-01
3.77498e+02 1.72983e-01
3.78284e+02 1.72363e-01
3.79070e+02 1.69107e-01
3.79856e+02 1.70576e-01
3.80642e+02 1.66153e-01
3.81428e+02 1.65626e-01
3.82214e+02 1.61830e-01
3.83000e+02 1.62722e-01
3.83785e+02 1.59216e-01
3.84571e+02 1.55748e-01
3.85357e+02 1.52191e-01
3.86142e+02 1.46652e-01
3.86927e+02 1.47301e-01
3.87713e+02 1.46878e-01
3.88498e+02 1.41467e-01
3.89283e+02 1.41494e-01
3.90068e+02 1.39359e-01
3.90853e+02 1.38105e-01
3.91638e+02 1.35078e-01
3.92423e+02 1.33205e-01
3.93208e+02 1.30981e-01
3.93993e+02 1.29104e-01
3.94777e+02 1.26405e-01
3.95562e+02 1.22959e-01
3.96347e+02 1.22961e-01
3.97131e+02 1.21325e-01
3.97915e+02 1.19375e-01
3.98700e+02 1.17226e-01
3.99484e+02 1.16077e-01
4.00268e+02 1.14843e-01
4.01052e+02 1.12354e-01
4.01836e+02 1.12072e-01
4.02620e+02 1.09811e-01
4.03404e+02 1.08081e-01
4.04188e+02 1.05380e-01
4.04971e+02 1.05385e-01
4.05755e+02 1.04331e-01
4.06538e+02 1.01988e-01
4.07322e+02 1.00396e-01
4.08105e+02 9.91136e-02
4.08889e+02 9.82763e-02
4.09672e+02 9.73938e-02
4.10455e+02 9.52086e-02
4.11238e+02 9.40178e-02
4.12021e+02 9.31273e-02
4.12804e+02 9.28901e-02
4.13587e+02 9.06078e-02
4.14370e+02 8.99868e-02
4.15152e+02 8.78576e-02
4.15935e+02 8.76733e-02
4.16718e+02 8.65909e-02
4.17500e+02 8.65051e-02
4.18283e+02 8.47912e-02
4.19065e+02 8.30873e-02
4.19847e+02 8.26676e-02
4.20629e+02 8.23677e-02
4.21411e+02 8.07764e-02
4.22194e+02 8.00109e-02
4.22975e+02 7.86972e-02
4.23757e+02 7.87093e-02
4.24539e+02 7.79820e-02
4.25321e+02 7.74297e-02
4.26103e+02 7.61174e-02
4.26884e+02 7.58140e-02
4.27666e+02 7.47900e-02
4.28447e+02 7.39419e-02
4.29229e+02 7.34274e-02
4.30010e+02 7.19604e-02
4.30791e+02 7.15650e-02
4.31572e+02 7.08960e-02
4.32353e+02 7.06734e-02
4.33134e+02 7.00048e-02
4.33915e+02 6.91446e-02
4.34696e+02 6.82705e-02
4.35477e+02 6.78981e-02
4.36257e+02 6.77492e-02
4.37038e+02 6.65669e-02
4.37819e+02 6.65071e-02
4.38599e+02 6.58128e-02
4.39380e+02 6.50295e-02
4.40160e+02 6.44387e-02
4.40940e+02 6.37072e-02
4.41720e+02 6.35264e-02
4.42500e+02 6.31550e-02
4.43280e+02 6.23490e-02
4.44060e+02 6.25201e-02
4.44840e+02 6.17126e-02
4.45620e+02 6.15649e-02
4.46400e+02 6.07191e-02
4.47179e+02 6.05537e-02
4.47959e+02 5.99750e-02
4.48738e+02 5.94512e-02
4.49518e+02 5.90288e-02
4.50297e+02 5.90571e-02
4.51076e+02 5.83372e-02
4.51856e+02 5.82230e-02
4.52635e+02 5.83519e-02
4.53414e+02 5.74710e-02
4.54193e+02 5.69802e-02
4.54972e+02 5.68332e-02
4.55751e+02 5.64735e-02
4.56529e+02 5.64420e-02
4.57308e+02 5.59275e-02
4.58087e+02 5.58709e-02
4.58865e+02 5.53999e-02
4.59644e+02 5.51332e-02
4.60422e+02 5.46716e-02
4.61200e+02 5.41937e-02
4.61978e+02 5.40595e-02
4.62757e+02 5.39550e-02
4.63535e+02 5.36590e-02
4.64313e+02 5.31092e-02
4.65091e+02 5.29072e-02
4.65868e+02 5.26016e-02
4.66646e+02 5.24850e-02
4.67424e+02 5.25539e-02
4.68202e+02 5.21485e-02
4.68979e+02 5.18739e-02
4.69757e+02 5.15831e-02
4.70534e+02 5.12957e-02
4.71311e+02 5.11626e-02
4.72089e+02 5.11292e-02
4.72866e+02 5.08100e-02
4.73643e+02 5.06821e-02
4.74420e+02 5.02580e-02
4.75197e+02 5.00379e-02
4.75974e+02 4.98008e-02
4.76751e+02 4.96352e-02
4.77527e+02 4.96294e-02
4.78304e+02 4.91862e-02
4.79081e+02 4.88390e-02
4.79857e+02 4.88970e-02
4.80633e+02 4.84104e-02
4.81410e+02 4.83971e-02
4.82186e+02 4.83560e-02
4.82962e+02 4.80658e-02
4.83738e+02 4.77706e-02
4.84514e+02 4.77486e-02
4.85290e+02 4.73665e-02
4.86066e+02 4.73753e-02
4.86842e+02 4.69706e-02
4.87618e+02 4.69561e-02
4.88394e+02 4.66189e-02
4.89169e+02 4.67088e-02
4.89945e+02 4.61934e-02
4.90720e+02 4.61796e-02
4.91496e+02 4.60701e-02
4.92271e+02 4.60492e-02
4.93046e+02 4.58314e-02
4.93821e+02 4.56086e-02
4.94596e+02 4.57091e-02
4.95371e+02 4.54057e-02
4.96146e+02 4.53881e-02
4.96921e+02 4.51118e-02
4.97696e+02 4.51883e-02
4.98471e+02 4.49923e-02
4.99245e+02 4.47472e-02
5.00020e+02 4.48057e-02
5.00794e+02 4.48401e-02
5.01569e+02 4.46408e-02
5.02343e+02 4.45196e-02
5.03117e+02 4.41470e-02
5.03892e+02 4.40029e-02
5.04666e+02 4.37467e-02
5.05440e+02 4.36344e-02
5.06214e+02 4.36347e-02
5.06988e+02 4.32345e-02
5.07761e+02 4.30733e-02
5.08535e+02 4.30116e-02
5.09309e+02 4.27182e-02
5.10082e+02 4.26223e-02
5.10856e+02 4.23076e-02
5.11629e+02 4.23504e-02
5.12403e+02 4.20506e-02
5.13176e+02 4.19410e-02
5.13949e+02 4.17652e-02
5.14722e+02 4.16485e-02
5.15495e+02 4.16153e-02
5.16268e+02 4.12648e-02
5.17041e+02 4.13357e-02
5.17814e+02 4.09428e-02
5.18587e+02 4.08975e-02
5.19360e+02 4.09673e-02
5.20132e+02 4.07327e-02
5.20905e+02 4.05553e-02
5.21677e+02 4.04940e-02
5.22450e+02 4.03013e-02
5.23222e+02 4.01923e-02
5.23994e+02 4.00676e-02
5.24766e+02 4.00578e-02
5.25538e+02 3.97521e-02
5.26310e+02 3.98652e-02
5.27082e+02 3.96685e-02
5.27854e+02 3.95331e-02
5.28626e+02 3.93807e-02
5.29398e+02 3.94702e-02
5.30169e+02 3.93665e-02
5.30941e+02 3.91933e-02
5.31712e+02 3.89908e-02
5.32484e+02 3.90213e-02
5.33255e+02 3.88912e-02
5.34026e+02 3.89850e-02
5.34798e+02 3.87146e-02
5.35569e+02 3.86531e-02
5.36340e+02 3.86190e-02
5.37111e+02 3.86083e-02
5.37882e+02 3.84828e-02
5.38652e+02 3.84475e-02
5.39423e+02 3.82330e-02
5.40194e+02 3.83082e-02
5.40964e+02 3.81123e-02
5.41735e+02 3.80594e-02
5.42505e+02 3.79777e-02
5.43276e+02 3.78659e-02
5.44046e+02 3.77804e-02
5.44816e+02 3.77565e-02
5.45586e+02 3.75630e-02
5.46357e+02 3.74828e-02
5.47127e+02 3.73305e-02
5.47896e+02 3.73762e-02
5.48666e+02 3.73195e-02
5.49436e+02 3.72585e-02
5.50206e+02 3.70408e-02
5.50975e+02 3.70204e-02
5.51745e+02 3.70064e-02
5.52514e+02 3.69063e-02
5.53284e+02 3.69420e-02
5.54053e+02 3.67421e-02
5.54822e+02 3.67895e-02
5.55592e+02 3.65903e-02
5.56361e+02 3.66195e-02
5.57130e+02 3.65009e-02
5.57899e+02 3.64934e-02
5.58667e+02 3.63576e-02
5.59436e+02 3.63327e-02
5.60205e+02 3.62625e-02
5.60974e+02 3.62693e-02
5.61742e+02 3.61786e-02
5.62511e+02 3.61719e-02
5.63279e+02 3.60281e-02
5.64047e+02 3.59893e-02
5.64816e+02 3.59282e-02
5.65584e+02 3.58721e-02
5.66352e+02 3.57976e-02
5.67120e+02 3.58188e-02
5.67888e+02 3.57378e-02
5.68656e+02 3.56876e-02
5.69424e+02 3.55688e-02
5.70192e+02 3.56492e-02
5.70959e+02 3.55889e-02
5.71727e+02 3.54633e-02
5.72494e+02 3.54042e-02
5.73262e+02 3.53837e-02
5.74029e+02 3.52874e-02
5.74796e+02 3.52519e-02
5.75564e+02 3.52629e-02
5.76331e+02 3.52207e-02
5.77098e+02 3.51643e-02
5.77865e+02 3.50909e-02
5.78632e+02 3.50494e-02
5.79399e+02 3.50831e-02
5.80166e+02 3.49720e-02
5.80932e+02 3.49633e-02
5.81699e+02 3.48809e-02
5.82465e+02 3.48412e-02
5.83232e+02 3.48807e-02
5.83998e+02 3.46932e-02
5.84765e+02 3.48104e-02
5.85531e+02 3.48070e-02
5.86297e+02 3.47484e-02
5.87063e+02 3.46786e-02
5.87829e+02 3.46383e-02
5.88595e+02 3.46449e-02
5.89361e+02 3.46344e-02
5.90127e+02 3.46660e-02
5.90893e+02 3.45678e-02
5.91658e+02 3.45857e-02
5.92424e+02 3.45918e-02
5.93189e+02 3.45929e-02
5.93955e+02 3.45791e-02
5.94720e+02 3.45529e-02
5.95485e+02 3.45563e-02
5.96251e+02 3.44946e-02
5.97016e+02 3.45337e-02
5.97781e+02 3.44916e-02
5.98546e+02 3.44736e-02
5.99311e+02 3.43911e-02
6.00075e+02 3.43307e-02
6.00840e+02 3.43614e-02
6.01605e+02 3.43332e-02
6.02369e+02 3.41615e-02
6.03134e+02 3.40946e-02
6.03898e+02 3.40494e-02
6.04663e+02 3.40358e-02
6.05427e+02 3.39630e-02
6.06191e+02 3.38578e-02
6.06956e+02 3.38279e-02
6.07720e+02 3.36915e-02
6.08484e+02 3.37015e-02
6.09248e+02 3.36866e-02
6.10011e+02 3.36608e-02
6.10775e+02 3.36382e-02
6.11539e+02 3.35347e-02
6.12303e+02 3.35518e-02
6.13066e+02 3.34450e-02
6.13830e+02 3.34681e-02
6.14593e+02 3.34539e-02
6.15356e+02 3.34349e-02
6.16120e+02 3.33561e-02
6.16883e+02 3.34242e-02
6.17646e+02 3.34007e-02
6.18409e+02 3.33471e-02
6.19172e+02 3.33461e-02
6.19935e+02 3.33181e-02
6.20698e+02 3.34278e-02
6.21460e+02 3.33142e-02
6.22223e+02 3.34044e-02
6.22986e+02 3.33500e-02
6.23748e+02 3.34043e-02
6.24511e+02 3.33686e-02
6.25273e+02 3.34287e-02
6.26035e+02 3.32842e-02
6.26797e+02 3.32950e-02
6.27560e+02 3.33163e-02
6.28322e+02 3.31862e-02
6.29084e+02 3.31670e-02
6.29845e+02 3.30725e-02
6.30607e+02 3.30490e-02
6.31369e+02 3.29521e-02
6.32131e+02 3.29146e-02
6.32892e+02 3.29220e-02
6.33654e+02 3.28330e-02
6.34415e+02 3.27985e-02
6.35177e+02 3.27112e-02
6.35938e+02 3.27074e-02
6.36699e+02 3.27191e-02
6.37460e+02 3.26528e-02
6.38222e+02 3.26402e-02
6.38983e+02 3.26078e-02
6.39744e+02 3.25809e-02
6.40504e+02 3.26195e-02
6.41265e+02 3.25496e-02
6.42026e+02 3.25111e-02
6.42787e+02 3.25208e-02
6.43547e+02 3.25257e-02
6.44308e+02 3.25130e-02
6.45068e+02 3.24938e-02
6.45828e+02 3.24348e-02
6.46589e+02 3.24292e-02
6.47349e+02 3.24951e-02
6.48109e+02 3.25042e-02
6.48869e+02 3.24834e-02
6.49629e+02 3.24886e-02
6.50389e+02 3.24708e-02
6.51149e+02 3.25051e-02
6.51908e+02 3.24681e-02
6.52668e+02 3.24762e-02
6.53428e+02 3.24796e-02
6.54187e+02 3.24097e-02
6.54947e+02 3.25310e-02
6.55706e+02 3.24998e-02
6.56465e+02 3.24055e-02
6.57224e+02 3.24383e-02
6.57984e+02 3.24779e-02
6.58743e+02 3.24690e-02
6.59502e+02 3.24751e-02
6.60261e+02 3.25109e-02
6.61019e+02 3.24991e-02
6.61778e+02 3.24811e-02
6.62537e+02 3.24982e-02
6.63296e+02 3.25527e-02
6.64054e+02 3.24917e-02
6.64813e+02 3.24895e-02
6.65571e+02 3.25196e-02
6.66329e+02 3.25602e-02
6.67088e+02 3.25684e-02
6.67846e+02 3.25659e-02
6.68604e+02 3.26392e-02
6.69362e+02 3.25136e-02
6.70120e+02 3.25631e-02
6.70878e+02 3.25860e-02
6.71635e+02 3.25520e-02
6.72393e+02 3.26078e-02
6.73151e+02 3.26315e-02
6.73908e+02 3.26855e-02
6.74666e+02 3.26640e-02
6.75423e+02 3.26702e-02
6.76181e+02 3.26283e-02
6.76938e+02 3.26890e-02
6.77695e+02 3.27162e-02
6.78452e+02 3.27256e-02
6.79209e+02 3.27235e-02
6.79966e+02 3.27287e-02
6.80723e+02 3.27509e-02
6.81480e+02 3.27861e-02
6.82237e+02 3.27539e-02
6.82993e+02 3.27612e-02
6.83750e+02 3.27667e-02
6.84506e+02 3.28398e-02
6.85263e+02 3.28123e-02
6.86019e+02 3.27971e-02
6.86776e+02 3.28051e-02
6.87532e+02 3.28858e-02
6.88288e+02 3.28924e-02
6.89044e+02 3.28774e-02
6.89800e+02 3.29294e-02
6.90556e+02 3.29460e-02
6.91312e+02 3.29065e-02
6.92068e+02 3.29610e-02
6.92823e+02 3.29862e-02
6.93579e+02 3.29413e-02
6.94334e+02 3.30047e-02
6.95090e+02 3.30093e-02
6.95845e+02 3.30169e-02
6.96601e+02 3.30365e-02
6.97356e+02 3.30539e-02
6.98111e+02 3.30230e-02
6.98866e+02 3.31341e-02
6.99621e+02 3.31249e-02
7.00376e+02 3.31186e-02
7.01131e+02 3.31644e-02
7.01886e+02 3.31573e-02
7.02641e+02 3.32237e-02
7.03395e+02 3.31627e-02
7.04150e+02 3.32756e-02
7.04904e+02 3.32653e-02
7.05659e+02 3.33019e-02
7.06413e+02 3.33418e-02
7.07167e+02 3.33549e-02
7.07922e+02 3.33994e-02
7.08676e+02 3.33901e-02
7.09430e+02 3.34111e-02
7.10184e+02 3.34214e-02
7.10938e+02 3.34632e-02
7.11692e+02 3.34719e-02
7.12445e+02 3.35308e-02
7.13199e+02 3.35303e-02
7.13953e+02 3.35301e-02
7.14706e+02 3.35986e-02
7.15460e+02 3.35860e-02
7.16213e+02 3.36934e-02
7.16966e+02 3.37399e-02
7.17719e+02 3.37501e-02
7.18473e+02 3.37571e-02
7.19226e+02 3.37964e-02
7.19979e+02 3.38128e-02
7.20732e+02 3.38527e-02
7.21484e+02 3.38476e-02
7.22237e+02 3.38727e-02
7.22990e+02 3.39543e-02
7.23743e+02 3.39848e-02
7.24495e+02 3.39930e-02
7.25248e+02 3.39862e-02
7.26000e+02 3.40190e-02
7.26752e+02 3.40693e-02
7.27505e+02 3.41254e-02
7.28257e+02 3.41505e-02
7.29009e+02 3.41957e-02
7.29761e+02 3.42313e-02
7.30513e+02 3.42771e-02
7.31265e+02 3.43463e-02
7.32017e+02 3.44060e-02
7.32768e+02 3.43971e-02
7.33520e+02 3.44772e-02
7.34272e+02 3.45542e-02
7.35023e+02 3.45662e-02
7.35775e+02 3.46884e-02
7.36526e+02 3.47892e-02
7.37277e+02 3.48032e-02
7.38028e+02 3.48244e-02
7.38780e+02 3.49517e-02
7.39531e+02 3.49874e-02
7.40282e+02 3.50234e-02
7.41033e+02 3.50740e-02
7.41783e+02 3.50710e-02
7.42534e+02 3.51091e-02
7.43285e+02 3.51612e-02
7.44035e+02 3.51389e-02
7.44786e+02 3.51694e-02
7.45536e+02 3.52173e-02
7.46287e+02 3.52402e-02
7.47037e+02 3.52357e-02
7.47787e+02 3.52876e-02
7.48538e+02 3.53026e-02
7.49288e+02 3.53233e-02
7.50038e+02 3.53319e-02
7.50788e+02 3.52776e-02
7.51537e+02 3.53166e-02
7.52287e+02 3.53919e-02
7.53037e+02 3.53504e-02
7.53787e+02 3.52932e-02
7.54536e+02 3.53144e-02
7.55286e+02 3.53313e-02
7.56035e+02 3.53549e-02
7.56784e+02 3.53886e-02
7.57534e+02 3.53343e-02
7.58283e+02 3.53819e-02
7.59032e+02 3.53229e-02
7.59781e+02 3.54048e-02
7.60530e+02 3.54009e-02
7.61279e+02 3.54689e-02
7.62028e+02 3.54608e-02
7.62776e+02 3.54315e-02
7.63525e+02 3.55073e-02
7.64274e+02 3.55510e-02
7.65022e+02 3.55383e-02
7.65771e+02 3.55542e-02
7.66519e+02 3.56599e-02
7.67267e+02 3.56625e-02
7.68015e+02 3.57139e-02
7.68764e+02 3.57982e-02
7.69512e+02 3.58535e-02
7.70260e+02 3.58922e-02
7.71008e+02 3.59737e-02
7.71755e+02 3.59993e-02
7.72503e+02 3.61298e-02
7.73251e+02 3.61951e-02
7.73999e+02 3.62576e-02
7.74746e+02 3.63672e-02
7.75494e+02 3.63834e-02
7.76241e+02 3.64658e-02
7.76988e+02 3.65218e-02
7.77736e+02 3.66342e-02
7.78483e+02 3.67070e-02
7.79230e+02 3.67927e-02
7.79977e+02 3.68873e-02
7.80724e+02 3.69481e-02
7.81471e+02 3.69931e-02
7.82217e+02 3.71094e-02
7.82964e+02 3.71670e-02
7.83711e+02 3.72230e-02
7.84457e+02 3.73612e-02
7.85204e+02 3.74233e-02
7.85950e+02 3.75332e-02
7.86697e+02 3.76250e-02
7.87443e+02 3.76695e-02
7.88189e+02 3.78468e-02
7.88935e+02 3.79503e-02
7.89681e+02 3.79958e-02
7.90427e+02 3.80965e-02
7.91173e+02 3.82337e-02
7.91919e+02 3.82880e-02
7.92665e+02 3.83510e-02
7.93410e+02 3.84373e-02
7.94156e+02 3.85360e-02
7.94901e+02 3.86126e-02
7.95647e+02 3.87175e-02
7.96392e+02 3.87904e-02
7.97138e+02 3.88726e-02
7.97883e+02 3.89674e-02
7.98628e+02 3.91536e-02
7.99373e+02 3.92535e-02
8.00118e+02 3.93165e-02
8.00863e+02 3.93361e-02
8.01608e+02 3.94675e-02
8.02353e+02 3.95149e-02
8.03097e+02 3.96513e-02
8.03842e+02 3.97323e-02
8.04586e+02 3.98795e-02
8.05331e+02 3.99824e-02
8.06075e+02 4.00491e-02
8.06820e+02 4.01357e-02
8.07564e+02 4.02308e-02
8.08308e+02 4.03761e-02
8.09052e+02 4.05092e-02
8.09796e+02 4.06260e-02
8.10540e+02 4.06250e-02
8.11284e+02 4.07093e-02
8.12028e+02 4.08573e-02
8.12772e+02 4.09889e-02
8.13515e+02 4.10864e-02
8.14259e+02 4.12281e-02
8.15002e+02 4.13116e-02
8.15746e+02 4.13634e-02
8.16489e+02 4.14122e-02
8.17232e+02 4.15684e-02
8.17976e+02 4.16715e-02
8.18719e+02 4.18652e-02
8.19462e+02 4.19685e-02
8.20205e+02 4.19889e-02
8.20948e+02 4.21231e-02
8.21690e+02 4.21914e-02
8.22433e+02 4.23545e-02
8.23176e+02 4.24221e-02
8.23919e+02 4.26026e-02
8.24661e+02 4.26524e-02
8.25403e+02 4.27403e-02
8.26146e+02 4.27928e-02
8.26888e+02 4.28907e-02
8.27630e+02 4.30945e-02
8.28373e+02 4.31954e-02
8.29115e+02 4.32724e-02
8.29857e+02 4.34351e-02
8.30599e+02 4.34753e-02
8.31340e+02 4.35385e-02
8.32082e+02 4.36453e-02
8.32824e+02 4.38402e-02
8.33566e+02 4.39673e-02
8.34307e+02 4.40872e-02
8.35049e+02 4.41410e-02
8.35790e+02 4.42285e-02
8.36531e+02 4.42460e-02
8.37273e+02 4.43658e-02
8.38014e+02 4.45172e-02
8.38755e+02 4.46692e-02
8.39496e+02 4.47584e-02
8.40237e+02 4.48349e-02
8.40978e+02 4.49229e-02
8.41719e+02 4.49904e-02
8.42459e+02 4.51188e-02
8.43200e+02 4.52349e-02
8.43941e+02 4.54737e-02
8.44681e+02 4.55365e-02
8.45421e+02 4.56272e-02
8.46162e+02 4.56334e-02
8.46902e+02 4.57729e-02
8.47642e+02 4.58755e-02
8.48382e+02 4.59321e-02
8.49123e+02 4.60767e-02
8.49863e+02 4.62577e-02
8.50602e+02 4.63142e-02
8.51342e+02 4.64063e-02
8.52082e+02 4.64633e-02
8.52822e+02 4.64906e-02
8.53561e+02 4.66344e-02
8.54301e+02 4.68119e-02
8.55040e+02 4.69906e-02
8.55780e+02 4.70999e-02
8.56519e+02 4.71748e-02
8.57258e+02 4.72515e-02
8.57997e+02 4.73039e-02
8.58737e+02 4.74403e-02
8.59476e+02 4.74393e-02
8.60214e+02 4.77056e-02
8.60953e+02 4.79038e-02
8.61692e+02 4.79269e-02
8.62431e+02 4.80054e-02
8.63169e+02 4.81492e-02
8.63908e+02 4.82513e-02
8.64647e+02 4.82385e-02
8.65385e+02 4.83866e-02
8.66123e+02 4.85567e-02
8.66862e+02 4.86935e-02
8.67600e+02 4.86961e-02
8.68338e+02 4.89430e-02
8.69076e+02 4.89609e-02
8.69814e+02 4.91051e-02
8.70552e+02 4.92469e-02
8.71290e+02 4.93297e-02
8.72027e+02 4.94836e-02
8.72765e+02 4.96532e-02
8.73503e+02 4.97607e-02
8.74240e+02 4.98401e-02
8.74977e+02 5.00229e-02
8.75715e+02 5.01168e-02
8.76452e+02 5.02130e-02
8.77189e+02 5.03982e-02
8.77927e+02 5.05369e-02
8.78664e+02 5.07151e-02
8.79401e+02 5.08004e-02
8.80137e+02 5.08937e-02
8.80874e+02 5.11304e-02
8.81611e+02 5.12222e-02
8.82348e+02 5.13234e-02
8.83084e+02 5.14480e-02
8.83821e+02 5.16717e-02
8.84557e+02 5.18572e-02
8.85294e+02 5.19588e-02
8.86030e+02 5.20763e-02
8.86766e+02 5.21200e-02
8.87503e+02 5.23047e-02
8.88239e+02 5.24258e-02
8.88975e+02 5.27656e-02
8.89711e+02 5.27752e-02
8.90446e+02 5.30126e-02
8.91182e+02 5.31442e-02
8.91918e+02 5.32834e-02
8.92654e+02 5.33937e-02
8.93389e+02 5.36986e-02
8.94125e+02 5.39339e-02
8.94860e+02 5.40402e-02
8.95595e+02 5.41070e-02
8.96331e+02 5.43117e-02
8.97066e+02 5.45215e-02
8.97801e+02 5.47229e-02
8.98536e+02 5.48457e-02
8.99271e+02 5.49740e-02
9.00006e+02 5.51730e-02
9.00741e+02 5.53440e-02
9.01476e+02 5.55873e-02
9.02210e+02 5.57403e-02
9.02945e+02 5.59196e-02
9.03679e+02 5.61592e-02
9.04414e+02 5.62720e-02
9.05148e+02 5.65346e-02
9.05882e+02 5.67437e-02
9.06617e+02 5.68477e-02
9.07351e+02 5.71229e-02
9.08085e+02 5.74121e-02
9.08819e+02 5.76224e-02
9.09553e+02 5.77616e-02
9.10287e+02 5.81280e-02
9.11020e+02 5.80385e-02
9.11754e+02 5.84597e-02
9.12488e+02 5.86477e-02
9.13221e+02 5.88894e-02
9.13955e+02 5.90791e-02
9.14688e+02 5.92627e-02
9.15421e+02 5.95010e-02
9.16155e+02 5.98068e-02
9.16888e+02 5.99830e-02
9.17621e+02 6.01729e-02
9.18354e+02 6.04210e-02
9.19087e+02 6.06372e-02
9.19820e+02 6.10002e-02
9.20553e+02 6.11445e-02
9.21285e+02 6.14807e-02
9.22018e+02 6.16924e-02
9.22751e+02 6.20190e-02
9.23483e+02 6.22884e-02
9.24216e+02 6.25690e-02
9.24948e+02 6.29345e-02
9.25680e+02 6.31819e-02
9.26412e+02 6.34838e-02
9.27145e+02 6.39015e-02
9.27877e+02 6.41851e-02
9.28609e+02 6.45553e-02
9.29340e+02 6.49487e-02
9.30072e+02 6.53331e-02
9.30804e+02 6.56348e-02
9.31536e+02 6.60405e-02
9.32267e+02 6.63035e-02
9.32999e+02 6.65728e-02
9.33730e+02 6.68936e-02
9.34462e+02 6.70251e-02
9.35193e+02 6.73860e-02
9.35924e+02 6.74947e-02
9.36655e+02 6.76012e-02
9.37386e+02 6.78464e-02
9.38117e+02 6.78713e-02
9.38848e+02 6.78768e-02
9.39579e+02 6.79443e-02
9.40310e+02 6.83107e-02
9.41041e+02 6.84626e-02
9.41771e+02 6.86282e-02
9.42502e+02 6.88980e-02
9.43232e+02 6.92027e-02
9.43963e+02 6.93263e-02
9.44693e+02 6.96832e-02
9.45423e+02 6.99617e-02
9.46154e+02 7.02852e-02
9.46884e+02 7.05618e-02
9.47614e+02 7.09384e-02
9.48344e+02 7.13168e-02
9.49074e+02 7.16651e-02
9.49803e+02 7.19583e-02
9.50533e+02 7.24933e-02
9.51263e+02 7.28769e-02
9.51992e+02 7.33451e-02
9.52722e+02 7.40046e-02
9.53451e+02 7.42027e-02
9.54181e+02 7.44260e-02
9.54910e+02 7.51616e-02
9.55639e+02 7.55673e-02
9.56368e+02 7.61051e-02
9.57097e+02 7.64839e-02
9.57826e+02 7.69842e-02
9.58555e+02 7.73827e-02
9.59284e+02 7.80772e-02
9.60013e+02 7.84459e-02
9.60741e+02 7.91425e-02
9.61470e+02 7.96792e-02
9.62199e+02 8.01886e-02
9.62927e+02 8.08360e-02
9.63655e+02 8.12054e-02
9.64384e+02 8.17662e-02
9.65112e+02 8.24698e-02
9.65840e+02 8.29883e-02
9.66568e+02 8.35296e-02
9.67296e+02 8.41728e-02
9.68024e+02 8.49425e-02
9.68752e+02 8.55065e-02
9.69480e+02 8.61105e-02
9.70208e+02 8.68228e-02
9.70935e+02 8.74430e-02
9.71663e+02 8.81017e-02
9.72390e+02 8.90624e-02
9.73118e+02 8.93818e-02
9.73845e+02 9.03433e-02
9.74572e+02 9.09162e-02
9.75299e+02 9.18062e-02
9.76027e+02 9.25559e-02
9.76754e+02 9.35468e-02
9.77481e+02 9.42622e-02
9.78207e+02 9.50301e-02
9.78934e+02 9.61875e-02
9.79661e+02 9.70732e-02
9.80388e+02 9.82307e-02
9.81114e+02 9.92208e-02
9.81841e+02 1.00194e-01
9.82567e+02 1.01468e-01
9.83294e+02 1.02411e-01
9.84020e+02 1.03910e-01
9.84746e+02 1.04678e-01
9.85472e+02 1.05528e-01
9.86198e+02 1.06407e-01
9.86924e+02 1.07586e-01
9.87650e+02 1.08370e-01
9.88376e+02 1.09015e-01
9.89102e+02 1.10061e-01
9.89828e+02 1.10645e-01
9.90553e+02 1.11461e-01
9.91279e+02 1.12054e-01
9.92004e+02 1.12621e-01
9.92730e+02 1.12725e-01
9.93455e+02 1.13666e-01
9.94180e+02 1.13783e-01
9.94905e+02 1.14298e-01
9.95630e+02 1.15044e-01
9.96355e+02 1.15285e-01
9.97080e+02 1.15899e-01
9.97805e+02 1.16419e-01
9.98530e+02 1.16991e-01
9.99255e+02 1.17634e-01
9.99979e+02 1.18303e-01
1.00070e+03 1.19085e-01
1.00143e+03 1.19751e-01
1.00215e+03 1.20706e-01
1.00288e+03 1.21434e-01
1.00360e+03 1.22729e-01
1.00433e+03 1.23179e-01
1.00505e+03 1.24684e-01
1.00577e+03 1.25810e-01
1.00650e+03 1.27539e-01
1.00722e+03 1.28907e-01
1.00795e+03 1.30075e-01
1.00867e+03 1.31529e-01
1.00939e+03 1.32967e-01
1.01012e+03 1.34413e-01
1.01084e+03 1.36006e-01
1.01156e+03 1.37534e-01
1.01229e+03 1.39220e-01
1.01301e+03 1.41076e-01
1.01373e+03 1.42656e-01
1.01446e+03 1.44739e-01
1.01518e+03 1.46849e-01
1.01590e+03 1.48709e-01
1.01662e+03 1.50487e-01
1.01735e+03 1.52364e-01
1.01807e+03 1.54500e-01
1.01879e+03 1.56744e-01
1.01952e+03 1.58593e-01
1.02024e+03 1.60513e-01
1.02096e+03 1.63185e-01
1.02168e+03 1.65570e-01
1.02241e+03 1.68508e-01
1.02313e+03 1.71102e-01
1.02385e+03 1.73683e-01
1.02457e+03 1.76518e-01
1.02530e+03 1.78615e-01
1.02602e+03 1.81488e-01
1.02674e+03 1.84101e-01
1.02746e+03 1.87075e-01
1.02818e+03 1.90659e-01
1.02890e+03 1.93926e-01
1.02962e+03 1.96818e-01
1.03035e+03 2.00372e-01
1.03107e+03 2.04260e-01
1.03179e+03 2.07793e-01
1.03251e+03 2.11751e-01
1.03323e+03 2.15044e-01
1.03395e+03 2.18700e-01
1.03467e+03 2.22390e-01
1.03539e+03 2.26777e-01
1.03612e+03 2.30413e-01
1.03684e+03 2.36037e-01
1.03756e+03 2.39326e-01
1.03828e+03 2.44590e-01
1.03900e+03 2.49593e-01
1.03972e+03 2.54893e-01
1.04044e+03 2.60050e-01
1.04116e+03 2.64800e-01
1.04188e+03 2.69165e-01
1.04260e+03 2.75068e-01
1.04332e+03 2.80061e-01
1.04404e+03 2.86399e-01
1.04476e+03 2.91838e-01
1.04548e+03 2.98539e-01
1.04620e+03 3.05134e-01
1.04692e+03 3.11318e-01
1.04764e+03 3.18121e-01
1.04836e+03 3.25928e-01
1.04908e+03 3.31438e-01
1.04980e+03 3.40137e-01
1.05052e+03 3.48547e-01
1.05124e+03 3.56822e-01
1.05196e+03 3.63663e-01
1.05268e+03 3.72718e-01
1.05339e+03 3.79489e-01
1.05411e+03 3.90165e-01
1.05483e+03 3.95202e-01
1.05555e+03 4.04938e-01
1.05627e+03 4.12803e-01
1.05699e+03 4.22363e-01
1.05771e+03 4.28986e-01
1.05843e+03 4.39044e-01
1.05914e+03 4.46987e-01
1.05986e+03 4.53853e-01
1.06058e+03 4.62340e-01
1.06130e+03 4.71171e-01
1.06202e+03 4.79532e-01
1.06274e+03 4.86418e-01
1.06345e+03 4.94231e-01
1.06417e+03 5.03646e-01
1.06489e+03 5.14099e-01
1.06561e+03 5.24140e-01
1.06633e+03 5.31428e-01
1.06704e+03 5.42316e-01
1.06776e+03 5.51249e-01
1.06848e+03 5.62967e-01
1.06920e+03 5.71687e-01
1.06991e+03 5.82479e-01
1.07063e+03 5.92745e-01
1.07135e+03 6.02332e-01
1.07207e+03 6.12152e-01
1.07278e+03 6.26488e-01
1.07350e+03 6.36852e-01
1.07422e+03 6.47206e-01
1.07493e+03 6.60676e-01
1.07565e+03 6.71338e-01
1.07637e+03 6.83441e-01
1.07708e+03 6.94338e-01
1.07780e+03 7.11305e-01
1.07852e+03 7.24058e-01
1.07923e+03 7.36926e-01
1.07995e+03 7.45728e-01
1.08067e+03 7.58275e-01
1.08138e+03 7.74814e-01
1.08210e+03 7.88960e-01
1.08281e+03 8.02803e-01
1.08353e+03 8.16854e-01
1.08425e+03 8.33766e-01
1.08496e+03 8.48238e-01
1.08568e+03 8.66804e-01
1.08639e+03 8.82783e-01
1.08711e+03 8.98411e-01
1.08782e+03 9.15223e-01
1.08854e+03 9.31380e-01
1.08926e+03 9.48306e-01
1.08997e+03 9.69849e-01
1.09069e+03 9.73864e-01
1.09140e+03 9.97969e-01
1.09212e+03 1.02620e+00
1.09283e+03 1.03821e+00
1.09355e+03 1.05145e+00
1.09426e+03 1.07625e+00
1.09497e+03 1.08644e+00
1.09569e+03 1.11664e+00
1.09640e+03 1.14465e+00
1.09712e+03 1.16392e+00
1.09783e+03 1.18893e+00
1.09855e+03 1.20152e+00
1.09926e+03 1.22483e+00
1.09998e+03 1.25239e+00
1.10069e+03 1.27936e+00
1.10140e+03 1.29239e+00
1.10212e+03 1.31669e+00
1.10283e+03 1.35079e+00
1.10355e+03 1.37151e+00
1.10426e+03 1.41301e+00
1.10497e+03 1.43329e+00
1.10569e+03 1.47357e+00
1.10640e+03 1.48335e+00
1.10712e+03 1.52405e+00
1.10783e+03 1.55227e+00
1.10854e+03 1.58772e+00
1.10926e+03 1.61559e+00
1.10997e+03 1.65053e+00
1.11068e+03 1.68671e+00
1.11139e+03 1.74147e+00
1.11211e+03 1.76174e+00
1.11282e+03 1.80754e+00
1.11353e+03 1.83152e+00
1.11425e+03 1.90164e+00
1.11496e+03 1.93736e+00
1.11567e+03 1.96988e+00
1.11638e+03 2.02644e+00
1.11710e+03 2.07665e+00
1.11781e+03 2.11788e+00
1.11852e+03 2.16327e+00
1.11923e+03 2.22216e+00
1.11994e+03 2.27715e+00
1.12066e+03 2.34250e+00
1.12137e+03 2.43170e+00
1.12208e+03 2.48251e+00
1.12279e+03 2.54510e+00
1.12351e+03 2.64926e+00
1.12422e+03 2.73414e+00
1.12493e+03 2.81785e+00
1.12564e+03 2.93687e+00
