2.81809e+02 0.00000e+00
2.82606e+02 0.00000e+00
2.83403e+02 0.00000e+00
2.84199e+02 0.00000e+00
2.84996e+02 0.00000e+00
2.85792e+02 0.00000e+00
2.86589e+02 0.00000e+00
2.87385e+02 0.00000e+00
2.88181e+02 0.00000e+00
2.88977e+02 0.00000e+00
2.89773e+02 0.00000e+00
2.90569e+02 0.00000e+00
2.91365e+02 0.00000e+00
2.92161e+02 0.00000e+00
2.92957e+02 0.00000e+00
2.93752e+02 0.00000e+00
2.94548e+02 0.00000e+00
2.95343e+02 0.00000e+00
2.96138e+02 0.00000e+00
2.96934e+02 0.00000e+00
2.97729e+02 0.00000e+00
2.98524e+02 0.00000e+00
2.99319e+02 0.00000e+00
3.00114e+02 0.00000e+00
3.00909e+02 0.00000e+00
3.01704e+02 0.00000e+00
3.02498e+02 0.00000e+00
3.03293e+02 0.00000e+00
3.04088e+02 0.00000e+00
3.04882e+02 0.00000e+00
3.05676e+02 0.00000e+00
3.06471e+02 0.00000e+00
3.07265e+02 0.00000e+00
3.08059e+02 0.00000e+00
3.08853e+02 0.00000e+00
3.09647e+02 0.00000e+00
3.10441e+02 0.00000e+00
3.11235e+02 0.00000e+00
3.12028e+02 0.00000e+00
3.12822e+02 0.00000e+00
3.13616e+02 0.00000e+00
3.14409e+02 0.00000e+00
3.15202e+02 0.00000e+00
3.15996e+02 0.00000e+00
3.16789e+02 0.00000e+00
3.17582e+02 0.00000e+00
3.18375e+02 0.00000e+00
3.19168e+02 0.00000e+00
3.19961e+02 0.00000e+00
3.20754e+02 0.00000e+00
3.21547e+02 0.00000e+00
3.22339e+02 0.00000e+00
3.23132e+02 0.00000e+00
3.23924e+02 0.00000e+00
3.24717e+02 0.00000e+00
3.25509e+02 0.00000e+00
3.26301e+02 0.00000e+00
3.27093e+02 0.00000e+00
3.27885e+02 0.00000e+00
3.28677e+02 0.00000e+00
3.29469e+02 0.00000e+00
3.30261e+02 0.00000e+00
3.31053e+02 0.00000e+00
3.31845e+02 0.00000e+00
3.32636e+02 0.00000e+00
3.33428e+02 0.00000e+00
3.34219e+02 0.00000e+00
3.35010e+02 0.00000e+00
3.35802e+02 0.00000e+00
3.36593e+02 0.00000e+00
3.37384e+02 0.00000e+00
3.38175e+02 0.00000e+00
3.38966e+02 0.00000e+00
3.39757e+02 0.00000e+00
3.40547e+02 0.00000e+00
3.41338e+02 0.00000e+00
3.42129e+02 0.00000e+00
3.42919e+02 0.00000e+00
3.43710e+02 0.00000e+00
3.44500e+02 0.00000e+00
3.45290e+02 0.00000e+00
3.46080e+02 0.00000e+00
3.46870e+02 0.00000e+00
3.47660e+02 0.00000e+00
3.48450e+02 0.00000e+00
3.49240e+02 0.00000e+00
3.50030e+02 8.45102e+00
3.50820e+02 8.47363e+00
3.51609e+02 8.51018e+00
3.52399e+02 8.52441e+00
3.53188e+02 8.53040e+00
3.53978e+02 8.52415e+00
3.54767e+02 8.53676e+00
3.55556e+02 8.52637e+00
3.56345e+02 8.51591e+00
3.57134e+02 8.49872e+00
3.57923e+02 8.49062e+00
3.58712e+02 8.47922e+00
3.59501e+02 8.44825e+00
3.60290e+02 8.41377e+00
3.61078e+02 8.38181e+00
3.61867e+02 8.34225e+00
3.62655e+02 8.28902e+00
3.63444e+02 8.23388e+00
3.64232e+02 8.17656e+00
3.65020e+02 8.10651e+00
3.65808e+02 8.03426e+00
3.66596e+02 7.96188e+00
3.67384e+02 7.89060e+00
3.68172e+02 7.80747e+00
3.68960e+02 7.72751e+00
3.69748e+02 7.64139e+00
3.70535e+02 7.55535e+00
3.71323e+02 7.46599e+00
3.72110e+02 7.37963e+00
3.72898e+02 7.28606e+00
3.73685e+02 7.19201e+00
3.74472e+02 7.09483e+00
3.75259e+02 7.00050e+00
3.76046e+02 6.90161e+00
3.76833e+02 6.80963e+00
3.77620e+02 6.71296e+00
3.78407e+02 6.61956e+00
3.79194e+02 6.52576e+00
3.79980e+02 6.43495e+00
3.80767e+02 6.35206e+00
3.81553e+02 6.26804e+00
3.82340e+02 6.18181e+00
3.83126e+02 6.09933e+00
3.83912e+02 6.01463e+00
3.84699e+02 5.93632e+00
3.85485e+02 5.85573e+00
3.86271e+02 5.77263e+00
3.87057e+02 5.69852e+00
3.87842e+02 5.62709e+00
3.88628e+02 5.55463e+00
3.89414e+02 5.48293e+00
3.90199e+02 5.41435e+00
3.90985e+02 5.34004e+00
3.91770e+02 5.27603e+00
3.92556e+02 5.21484e+00
3.93341e+02 5.15401e+00
3.94126e+02 5.09468e+00
3.94911e+02 5.03567e+00
3.95696e+02 4.97653e+00
3.96481e+02 4.91935e+00
3.97266e+02 4.86461e+00
3.98051e+02 4.80877e+00
3.98836e+02 4.75353e+00
3.99620e+02 4.69964e+00
4.00405e+02 4.64763e+00
4.01189e+02 4.59562e+00
4.01973e+02 4.54442e+00
4.02758e+02 4.49497e+00
4.03542e+02 4.44497e+00
4.04326e+02 4.39736e+00
4.05110e+02 4.35001e+00
4.05894e+02 4.30429e+00
4.06678e+02 4.25909e+00
4.07462e+02 4.21435e+00
4.08245e+02 4.17098e+00
4.09029e+02 4.12807e+00
4.09813e+02 4.08665e+00
4.10596e+02 4.04549e+00
4.11379e+02 4.00617e+00
4.12163e+02 3.96713e+00
4.12946e+02 3.93036e+00
4.13729e+02 3.89397e+00
4.14512e+02 3.85781e+00
4.15295e+02 3.82231e+00
4.16078e+02 3.78799e+00
4.16861e+02 3.75430e+00
4.17644e+02 3.72229e+00
4.18426e+02 3.69090e+00
4.19209e+02 3.65972e+00
4.19991e+02 3.62940e+00
4.20774e+02 3.59936e+00
4.21556e+02 3.57008e+00
4.22338e+02 3.54180e+00
4.23120e+02 3.51370e+00
4.23902e+02 3.48554e+00
4.24684e+02 3.45792e+00
4.25466e+02 3.43088e+00
4.26248e+02 3.40376e+00
4.27030e+02 3.37733e+00
4.27812e+02 3.35054e+00
4.28593e+02 3.32431e+00
4.29375e+02 3.29906e+00
4.30156e+02 3.27307e+00
4.30937e+02 3.24779e+00
4.31719e+02 3.22265e+00
4.32500e+02 3.19766e+00
4.33281e+02 3.17280e+00
4.34062e+02 3.14953e+00
4.34843e+02 3.12600e+00
4.35624e+02 3.10284e+00
4.36404e+02 3.07991e+00
4.37185e+02 3.05752e+00
4.37966e+02 3.03558e+00
4.38746e+02 3.01399e+00
4.39527e+02 2.99285e+00
4.40307e+02 2.97176e+00
4.41087e+02 2.95087e+00
4.41868e+02 2.93110e+00
4.42648e+02 2.91176e+00
4.43428e+02 2.89270e+00
4.44208e+02 2.87356e+00
4.44988e+02 2.85523e+00
4.45767e+02 2.83726e+00
4.46547e+02 2.82004e+00
4.47327e+02 2.80292e+00
4.48106e+02 2.78599e+00
4.48886e+02 2.76943e+00
4.49665e+02 2.75290e+00
4.50444e+02 2.73665e+00
4.51224e+02 2.72033e+00
4.52003e+02 2.70462e+00
4.52782e+02 2.68904e+00
4.53561e+02 2.67344e+00
4.54340e+02 2.65801e+00
4.55119e+02 2.64275e+00
4.55897e+02 2.62786e+00
4.56676e+02 2.61332e+00
4.57454e+02 2.59887e+00
4.58233e+02 2.58502e+00
4.59011e+02 2.57089e+00
4.59790e+02 2.55755e+00
4.60568e+02 2.54430e+00
4.61346e+02 2.53121e+00
4.62124e+02 2.51850e+00
4.62902e+02 2.50584e+00
4.63680e+02 2.49357e+00
4.64458e+02 2.48167e+00
4.65236e+02 2.46945e+00
4.66013e+02 2.45760e+00
4.66791e+02 2.44608e+00
4.67568e+02 2.43465e+00
4.68346e+02 2.42327e+00
4.69123e+02 2.41204e+00
4.69901e+02 2.40099e+00
4.70678e+02 2.39015e+00
4.71455e+02 2.37939e+00
4.72232e+02 2.36876e+00
4.73009e+02 2.35839e+00
4.73786e+02 2.34807e+00
4.74562e+02 2.33797e+00
4.75339e+02 2.32795e+00
4.76116e+02 2.31788e+00
4.76892e+02 2.30788e+00
4.77669e+02 2.29806e+00
4.78445e+02 2.28796e+00
4.79221e+02 2.27811e+00
4.79998e+02 2.26820e+00
4.80774e+02 2.25834e+00
4.81550e+02 2.24872e+00
4.82326e+02 2.23910e+00
4.83102e+02 2.22932e+00
4.83877e+02 2.21982e+00
4.84653e+02 2.21050e+00
4.85429e+02 2.20115e+00
4.86204e+02 2.19212e+00
4.86980e+02 2.18327e+00
4.87755e+02 2.17470e+00
4.88531e+02 2.16646e+00
4.89306e+02 2.15850e+00
4.90081e+02 2.15089e+00
4.90856e+02 2.14334e+00
4.91631e+02 2.13611e+00
4.92406e+02 2.12911e+00
4.93181e+02 2.12235e+00
4.93956e+02 2.11583e+00
4.94730e+02 2.10929e+00
4.95505e+02 2.10281e+00
4.96279e+02 2.09661e+00
4.97054e+02 2.09052e+00
4.97828e+02 2.08462e+00
4.98602e+02 2.07861e+00
4.99377e+02 2.07241e+00
5.00151e+02 2.06627e+00
5.00925e+02 2.05996e+00
5.01699e+02 2.05374e+00
5.02472e+02 2.04754e+00
5.03246e+02 2.04115e+00
5.04020e+02 2.03453e+00
5.04794e+02 2.02792e+00
5.05567e+02 2.02112e+00
5.06341e+02 2.01429e+00
5.07114e+02 2.00718e+00
5.07887e+02 1.99993e+00
5.08660e+02 1.99273e+00
5.09434e+02 1.98527e+00
5.10207e+02 1.97771e+00
5.10980e+02 1.97021e+00
5.11752e+02 1.96268e+00
5.12525e+02 1.95520e+00
5.13298e+02 1.94769e+00
5.14071e+02 1.94031e+00
5.14843e+02 1.93305e+00
5.15616e+02 1.92591e+00
5.16388e+02 1.91891e+00
5.17160e+02 1.91197e+00
5.17933e+02 1.90525e+00
5.18705e+02 1.89871e+00
5.19477e+02 1.89226e+00
5.20249e+02 1.88605e+00
5.21021e+02 1.88008e+00
5.21793e+02 1.87422e+00
5.22564e+02 1.86852e+00
5.23336e+02 1.86311e+00
5.24108e+02 1.85781e+00
5.24879e+02 1.85255e+00
5.25650e+02 1.84748e+00
5.26422e+02 1.84257e+00
5.27193e+02 1.83759e+00
5.27964e+02 1.83281e+00
5.28735e+02 1.82802e+00
5.29506e+02 1.82340e+00
5.30277e+02 1.81893e+00
5.31048e+02 1.81441e+00
5.31819e+02 1.80998e+00
5.32590e+02 1.80552e+00
5.33360e+02 1.80108e+00
5.34131e+02 1.79674e+00
5.34901e+02 1.79252e+00
5.35672e+02 1.78832e+00
5.36442e+02 1.78412e+00
5.37212e+02 1.77998e+00
5.37982e+02 1.77593e+00
5.38752e+02 1.77188e+00
5.39522e+02 1.76781e+00
5.40292e+02 1.76374e+00
5.41062e+02 1.75970e+00
5.41832e+02 1.75579e+00
5.42601e+02 1.75191e+00
5.43371e+02 1.74809e+00
5.44140e+02 1.74435e+00
5.44910e+02 1.74054e+00
5.45679e+02 1.73682e+00
5.46448e+02 1.73317e+00
5.47218e+02 1.72960e+00
5.47987e+02 1.72603e+00
5.48756e+02 1.72253e+00
5.49525e+02 1.71903e+00
5.50293e+02 1.71565e+00
5.51062e+02 1.71220e+00
5.51831e+02 1.70891e+00
5.52600e+02 1.70562e+00
5.53368e+02 1.70231e+00
5.54136e+02 1.69913e+00
5.54905e+02 1.69597e+00
5.55673e+02 1.69283e+00
5.56441e+02 1.68973e+00
5.57209e+02 1.68669e+00
5.57977e+02 1.68365e+00
5.58745e+02 1.68067e+00
5.59513e+02 1.67781e+00
5.60281e+02 1.67499e+00
5.61049e+02 1.67219e+00
5.61816e+02 1.66932e+00
5.62584e+02 1.66660e+00
5.63351e+02 1.66389e+00
5.64119e+02 1.66124e+00
5.64886e+02 1.65863e+00
5.65653e+02 1.65604e+00
5.66420e+02 1.65349e+00
5.67188e+02 1.65099e+00
5.67955e+02 1.64852e+00
5.68721e+02 1.64602e+00
5.69488e+02 1.64362e+00
5.70255e+02 1.64122e+00
5.71022e+02 1.63889e+00
5.71788e+02 1.63662e+00
5.72555e+02 1.63432e+00
5.73321e+02 1.63207e+00
5.74088e+02 1.62982e+00
5.74854e+02 1.62758e+00
5.75620e+02 1.62546e+00
5.76386e+02 1.62327e+00
5.77152e+02 1.62107e+00
5.77918e+02 1.61892e+00
5.78684e+02 1.61675e+00
5.79450e+02 1.61464e+00
5.80215e+02 1.61249e+00
5.80981e+02 1.61049e+00
5.81746e+02 1.60850e+00
5.82512e+02 1.60666e+00
5.83277e+02 1.60486e+00
5.84043e+02 1.60318e+00
5.84808e+02 1.60158e+00
5.85573e+02 1.60015e+00
5.86338e+02 1.59879e+00
5.87103e+02 1.59762e+00
5.87868e+02 1.59656e+00
5.88633e+02 1.59561e+00
5.89397e+02 1.59476e+00
5.90162e+02 1.59404e+00
5.90927e+02 1.59335e+00
5.91691e+02 1.59270e+00
5.92455e+02 1.59210e+00
5.93220e+02 1.59153e+00
5.93984e+02 1.59091e+00
5.94748e+02 1.59027e+00
5.95512e+02 1.58962e+00
5.96276e+02 1.58894e+00
5.97040e+02 1.58817e+00
5.97804e+02 1.58736e+00
5.98568e+02 1.58643e+00
5.99332e+02 1.58539e+00
6.00095e+02 1.58418e+00
6.00859e+02 1.58288e+00
6.01622e+02 1.58139e+00
6.02385e+02 1.57972e+00
6.03149e+02 1.57791e+00
6.03912e+02 1.57604e+00
6.04675e+02 1.57402e+00
6.05438e+02 1.57193e+00
6.06201e+02 1.56973e+00
6.06964e+02 1.56755e+00
6.07727e+02 1.56542e+00
6.08489e+02 1.56328e+00
6.09252e+02 1.56121e+00
6.10015e+02 1.55925e+00
6.10777e+02 1.55740e+00
6.11540e+02 1.55575e+00
6.12302e+02 1.55422e+00
6.13064e+02 1.55292e+00
6.13826e+02 1.55177e+00
6.14588e+02 1.55078e+00
6.15350e+02 1.54987e+00
6.16112e+02 1.54908e+00
6.16874e+02 1.54840e+00
6.17636e+02 1.54776e+00
6.18397e+02 1.54713e+00
6.19159e+02 1.54652e+00
6.19921e+02 1.54591e+00
6.20682e+02 1.54529e+00
6.21443e+02 1.54456e+00
6.22205e+02 1.54391e+00
6.22966e+02 1.54312e+00
6.23727e+02 1.54230e+00
6.24488e+02 1.54132e+00
6.25249e+02 1.54032e+00
6.26010e+02 1.53918e+00
6.26771e+02 1.53800e+00
6.27531e+02 1.53662e+00
6.28292e+02 1.53522e+00
6.29052e+02 1.53373e+00
6.29813e+02 1.53224e+00
6.30573e+02 1.53072e+00
6.31334e+02 1.52917e+00
6.32094e+02 1.52762e+00
6.32854e+02 1.52610e+00
6.33614e+02 1.52460e+00
6.34374e+02 1.52312e+00
6.35134e+02 1.52172e+00
6.35894e+02 1.52039e+00
6.36654e+02 1.51921e+00
6.37413e+02 1.51817e+00
6.38173e+02 1.51722e+00
6.38932e+02 1.51644e+00
6.39692e+02 1.51578e+00
6.40451e+02 1.51524e+00
6.41210e+02 1.51477e+00
6.41970e+02 1.51441e+00
6.42729e+02 1.51413e+00
6.43488e+02 1.51396e+00
6.44247e+02 1.51383e+00
6.45006e+02 1.51373e+00
6.45764e+02 1.51370e+00
6.46523e+02 1.51369e+00
6.47282e+02 1.51363e+00
6.48040e+02 1.51366e+00
6.48799e+02 1.51373e+00
6.49557e+02 1.51382e+00
6.50315e+02 1.51387e+00
6.51074e+02 1.51398e+00
6.51832e+02 1.51417e+00
6.52590e+02 1.51433e+00
6.53348e+02 1.51448e+00
6.54106e+02 1.51470e+00
6.54863e+02 1.51490e+00
6.55621e+02 1.51512e+00
6.56379e+02 1.51534e+00
6.57136e+02 1.51558e+00
6.57894e+02 1.51587e+00
6.58651e+02 1.51612e+00
6.59409e+02 1.51638e+00
6.60166e+02 1.51668e+00
6.60923e+02 1.51701e+00
6.61680e+02 1.51728e+00
6.62437e+02 1.51757e+00
6.63194e+02 1.51794e+00
6.63951e+02 1.51823e+00
6.64708e+02 1.51852e+00
6.65465e+02 1.51885e+00
6.66221e+02 1.51924e+00
6.66978e+02 1.51961e+00
6.67734e+02 1.52000e+00
6.68491e+02 1.52043e+00
6.69247e+02 1.52096e+00
6.70003e+02 1.52150e+00
6.70759e+02 1.52204e+00
6.71515e+02 1.52267e+00
6.72271e+02 1.52332e+00
6.73027e+02 1.52408e+00
6.73783e+02 1.52477e+00
6.74539e+02 1.52555e+00
6.75295e+02 1.52643e+00
6.76050e+02 1.52729e+00
6.76806e+02 1.52817e+00
6.77561e+02 1.52906e+00
6.78316e+02 1.53000e+00
6.79072e+02 1.53098e+00
6.79827e+02 1.53186e+00
6.80582e+02 1.53279e+00
6.81337e+02 1.53375e+00
6.82092e+02 1.53466e+00
6.82847e+02 1.53556e+00
6.83602e+02 1.53646e+00
6.84356e+02 1.53739e+00
6.85111e+02 1.53831e+00
6.85865e+02 1.53916e+00
6.86620e+02 1.54003e+00
6.87374e+02 1.54095e+00
6.88129e+02 1.54184e+00
6.88883e+02 1.54272e+00
6.89637e+02 1.54359e+00
6.90391e+02 1.54446e+00
6.91145e+02 1.54536e+00
6.91899e+02 1.54627e+00
6.92653e+02 1.54713e+00
6.93407e+02 1.54791e+00
6.94160e+02 1.54880e+00
6.94914e+02 1.54973e+00
6.95667e+02 1.55067e+00
6.96421e+02 1.55163e+00
6.97174e+02 1.55265e+00
6.97927e+02 1.55376e+00
6.98681e+02 1.55486e+00
6.99434e+02 1.55591e+00
7.00187e+02 1.55695e+00
7.00940e+02 1.55803e+00
7.01693e+02 1.55908e+00
7.02445e+02 1.56002e+00
7.03198e+02 1.56094e+00
7.03951e+02 1.56194e+00
7.04703e+02 1.56299e+00
7.05456e+02 1.56413e+00
7.06208e+02 1.56535e+00
7.06960e+02 1.56673e+00
7.07713e+02 1.56836e+00
7.08465e+02 1.57020e+00
7.09217e+02 1.57224e+00
7.09969e+02 1.57443e+00
7.10721e+02 1.57687e+00
7.11473e+02 1.57957e+00
7.12224e+02 1.58251e+00
7.12976e+02 1.58550e+00
7.13728e+02 1.58865e+00
7.14479e+02 1.59196e+00
7.15231e+02 1.59549e+00
7.15982e+02 1.59900e+00
7.16733e+02 1.60242e+00
7.17484e+02 1.60588e+00
7.18236e+02 1.60938e+00
7.18987e+02 1.61299e+00
7.19738e+02 1.61638e+00
7.20488e+02 1.61940e+00
7.21239e+02 1.62232e+00
7.21990e+02 1.62504e+00
7.22741e+02 1.62754e+00
7.23491e+02 1.62971e+00
7.24242e+02 1.63161e+00
7.24992e+02 1.63331e+00
7.25742e+02 1.63496e+00
7.26493e+02 1.63644e+00
7.27243e+02 1.63779e+00
7.27993e+02 1.63897e+00
7.28743e+02 1.63995e+00
7.29493e+02 1.64101e+00
7.30243e+02 1.64211e+00
7.30992e+02 1.64310e+00
7.31742e+02 1.64405e+00
7.32492e+02 1.64496e+00
7.33241e+02 1.64601e+00
7.33991e+02 1.64723e+00
7.34740e+02 1.64849e+00
7.35489e+02 1.64972e+00
7.36239e+02 1.65115e+00
7.36988e+02 1.65285e+00
7.37737e+02 1.65473e+00
7.38486e+02 1.65673e+00
7.39235e+02 1.65857e+00
7.39983e+02 1.66030e+00
7.40732e+02 1.66210e+00
7.41481e+02 1.66396e+00
7.42229e+02 1.66557e+00
7.42978e+02 1.66681e+00
7.43726e+02 1.66793e+00
7.44475e+02 1.66910e+00
7.45223e+02 1.67018e+00
7.45971e+02 1.67105e+00
7.46719e+02 1.67160e+00
7.47467e+02 1.67214e+00
7.48215e+02 1.67273e+00
7.48963e+02 1.67331e+00
7.49711e+02 1.67381e+00
7.50458e+02 1.67412e+00
7.51206e+02 1.67439e+00
7.51954e+02 1.67469e+00
7.52701e+02 1.67505e+00
7.53448e+02 1.67551e+00
7.54196e+02 1.67600e+00
7.54943e+02 1.67644e+00
7.55690e+02 1.67689e+00
7.56437e+02 1.67759e+00
7.57184e+02 1.67856e+00
7.57931e+02 1.67977e+00
7.58678e+02 1.68099e+00
7.59425e+02 1.68231e+00
7.60171e+02 1.68359e+00
7.60918e+02 1.68506e+00
7.61664e+02 1.68677e+00
7.62411e+02 1.68849e+00
7.63157e+02 1.69009e+00
7.63904e+02 1.69160e+00
7.64650e+02 1.69332e+00
7.65396e+02 1.69535e+00
7.66142e+02 1.69759e+00
7.66888e+02 1.69975e+00
7.67634e+02 1.70179e+00
7.68379e+02 1.70383e+00
7.69125e+02 1.70616e+00
7.69871e+02 1.70882e+00
7.70616e+02 1.71154e+00
7.71362e+02 1.71418e+00
7.72107e+02 1.71674e+00
7.72853e+02 1.71944e+00
7.73598e+02 1.72243e+00
7.74343e+02 1.72560e+00
7.75088e+02 1.72883e+00
7.75833e+02 1.73214e+00
7.76578e+02 1.73553e+00
7.77323e+02 1.73906e+00
7.78068e+02 1.74286e+00
7.78812e+02 1.74696e+00
7.79557e+02 1.75114e+00
7.80301e+02 1.75515e+00
7.81046e+02 1.75900e+00
7.81790e+02 1.76284e+00
7.82535e+02 1.76691e+00
7.83279e+02 1.77130e+00
7.84023e+02 1.77595e+00
7.84767e+02 1.78058e+00
7.85511e+02 1.78486e+00
7.86255e+02 1.78894e+00
7.86999e+02 1.79316e+00
7.87742e+02 1.79786e+00
7.88486e+02 1.80278e+00
7.89230e+02 1.80754e+00
7.89973e+02 1.81184e+00
7.90717e+02 1.81590e+00
7.91460e+02 1.82029e+00
7.92203e+02 1.82530e+00
7.92946e+02 1.83051e+00
7.93689e+02 1.83535e+00
7.94432e+02 1.83962e+00
7.95175e+02 1.84380e+00
7.95918e+02 1.84835e+00
7.96661e+02 1.85350e+00
7.97404e+02 1.85878e+00
7.98146e+02 1.86375e+00
7.98889e+02 1.86835e+00
7.99631e+02 1.87292e+00
8.00374e+02 1.87788e+00
8.01116e+02 1.88345e+00
8.01858e+02 1.88923e+00
8.02601e+02 1.89480e+00
8.03343e+02 1.89996e+00
8.04085e+02 1.90502e+00
8.04827e+02 1.91037e+00
8.05568e+02 1.91618e+00
8.06310e+02 1.92231e+00
8.07052e+02 1.92845e+00
8.07793e+02 1.93423e+00
8.08535e+02 1.93967e+00
8.09276e+02 1.94507e+00
8.10018e+02 1.95078e+00
8.10759e+02 1.95676e+00
8.11500e+02 1.96280e+00
8.12241e+02 1.96864e+00
8.12982e+02 1.97415e+00
8.13723e+02 1.97935e+00
8.14464e+02 1.98463e+00
8.15205e+02 1.99014e+00
8.15946e+02 1.99593e+00
8.16687e+02 2.00175e+00
8.17427e+02 2.00744e+00
8.18168e+02 2.01269e+00
8.18908e+02 2.01746e+00
8.19648e+02 2.02218e+00
8.20389e+02 2.02705e+00
8.21129e+02 2.03241e+00
8.21869e+02 2.03807e+00
8.22609e+02 2.04367e+00
8.23349e+02 2.04863e+00
8.24089e+02 2.05310e+00
8.24829e+02 2.05768e+00
8.25568e+02 2.06277e+00
8.26308e+02 2.06855e+00
8.27047e+02 2.07454e+00
8.27787e+02 2.07996e+00
8.28526e+02 2.08455e+00
8.29266e+02 2.08867e+00
8.30005e+02 2.09306e+00
8.30744e+02 2.09856e+00
8.31483e+02 2.10491e+00
8.32222e+02 2.11119e+00
8.32961e+02 2.11623e+00
8.33700e+02 2.12003e+00
8.34439e+02 2.12367e+00
8.35177e+02 2.12816e+00
8.35916e+02 2.13387e+00
8.36654e+02 2.14010e+00
8.37393e+02 2.14586e+00
8.38131e+02 2.15050e+00
8.38870e+02 2.15428e+00
8.39608e+02 2.15803e+00
8.40346e+02 2.16275e+00
8.41084e+02 2.16842e+00
8.41822e+02 2.17439e+00
8.42560e+02 2.17977e+00
8.43298e+02 2.18425e+00
8.44035e+02 2.18833e+00
8.44773e+02 2.19251e+00
8.45511e+02 2.19742e+00
8.46248e+02 2.20305e+00
8.46986e+02 2.20896e+00
8.47723e+02 2.21446e+00
8.48460e+02 2.21927e+00
8.49197e+02 2.22381e+00
8.49934e+02 2.22838e+00
8.50671e+02 2.23328e+00
8.51408e+02 2.23854e+00
8.52145e+02 2.24405e+00
8.52882e+02 2.24950e+00
8.53619e+02 2.25477e+00
8.54355e+02 2.26000e+00
8.55092e+02 2.26509e+00
8.55829e+02 2.26996e+00
8.56565e+02 2.27468e+00
8.57301e+02 2.27951e+00
8.58037e+02 2.28467e+00
8.58774e+02 2.29039e+00
8.59510e+02 2.29656e+00
8.60246e+02 2.30253e+00
8.60982e+02 2.30819e+00
8.61718e+02 2.31348e+00
8.62453e+02 2.31921e+00
8.63189e+02 2.32592e+00
8.63925e+02 2.33415e+00
8.64660e+02 2.34342e+00
8.65396e+02 2.35262e+00
8.66131e+02 2.36116e+00
8.66866e+02 2.36896e+00
8.67602e+02 2.37669e+00
8.68337e+02 2.38536e+00
8.69072e+02 2.39548e+00
8.69807e+02 2.40682e+00
8.70542e+02 2.41827e+00
8.71276e+02 2.42844e+00
8.72011e+02 2.43699e+00
8.72746e+02 2.44448e+00
8.73480e+02 2.45237e+00
8.74215e+02 2.46150e+00
8.74949e+02 2.47188e+00
8.75684e+02 2.48264e+00
8.76418e+02 2.49215e+00
8.77152e+02 2.49972e+00
8.77886e+02 2.50549e+00
8.78620e+02 2.51058e+00
8.79354e+02 2.51621e+00
8.80088e+02 2.52290e+00
8.80822e+02 2.53022e+00
8.81556e+02 2.53718e+00
8.82289e+02 2.54249e+00
8.83023e+02 2.54633e+00
8.83757e+02 2.54925e+00
8.84490e+02 2.55242e+00
8.85223e+02 2.55674e+00
8.85957e+02 2.56217e+00
8.86690e+02 2.56813e+00
8.87423e+02 2.57374e+00
8.88156e+02 2.57849e+00
8.88889e+02 2.58280e+00
8.89622e+02 2.58727e+00
8.90354e+02 2.59295e+00
8.91087e+02 2.60008e+00
8.91820e+02 2.60815e+00
8.92552e+02 2.61641e+00
8.93285e+02 2.62443e+00
8.94017e+02 2.63220e+00
8.94750e+02 2.63992e+00
8.95482e+02 2.64816e+00
8.96214e+02 2.65729e+00
8.96946e+02 2.66708e+00
8.97678e+02 2.67694e+00
8.98410e+02 2.68627e+00
8.99142e+02 2.69520e+00
8.99874e+02 2.70423e+00
9.00605e+02 2.71376e+00
9.01337e+02 2.72382e+00
9.02068e+02 2.73446e+00
9.02800e+02 2.74525e+00
9.03531e+02 2.75580e+00
9.04263e+02 2.76564e+00
9.04994e+02 2.77511e+00
9.05725e+02 2.78502e+00
9.06456e+02 2.79582e+00
9.07187e+02 2.80739e+00
9.07918e+02 2.81948e+00
9.08649e+02 2.83160e+00
9.09380e+02 2.84333e+00
9.10110e+02 2.85429e+00
9.10841e+02 2.86508e+00
9.11571e+02 2.87676e+00
9.12302e+02 2.89008e+00
9.13032e+02 2.90508e+00
9.13762e+02 2.92111e+00
9.14493e+02 2.93770e+00
9.15223e+02 2.95445e+00
9.15953e+02 2.97060e+00
9.16683e+02 2.98653e+00
9.17413e+02 3.00269e+00
9.18142e+02 3.01965e+00
9.18872e+02 3.03742e+00
9.19602e+02 3.05577e+00
9.20331e+02 3.07418e+00
9.21061e+02 3.09234e+00
9.21790e+02 3.11030e+00
9.22520e+02 3.12916e+00
9.23249e+02 3.14970e+00
9.23978e+02 3.17335e+00
9.24707e+02 3.20105e+00
9.25436e+02 3.23353e+00
9.26165e+02 3.27076e+00
9.26894e+02 3.31255e+00
9.27623e+02 3.35887e+00
9.28352e+02 3.41052e+00
9.29080e+02 3.46848e+00
9.29809e+02 3.53361e+00
9.30537e+02 3.60684e+00
9.31266e+02 3.68810e+00
9.31994e+02 3.77733e+00
9.32722e+02 3.87376e+00
9.33451e+02 3.97615e+00
9.34179e+02 4.08363e+00
9.34907e+02 4.19632e+00
9.35635e+02 4.31412e+00
9.36362e+02 4.43580e+00
9.37090e+02 4.56028e+00
9.37818e+02 4.68583e+00
9.38546e+02 4.81031e+00
9.39273e+02 4.93014e+00
9.40001e+02 5.04143e+00
9.40728e+02 5.14199e+00
9.41455e+02 5.23018e+00
9.42182e+02 5.30495e+00
9.42910e+02 5.36445e+00
9.43637e+02 5.40770e+00
9.44364e+02 5.43324e+00
9.45091e+02 5.44085e+00
9.45818e+02 5.42974e+00
9.46544e+02 5.40108e+00
9.47271e+02 5.35682e+00
9.47998e+02 5.30039e+00
9.48724e+02 5.23574e+00
9.49451e+02 5.16562e+00
9.50177e+02 5.09318e+00
9.50903e+02 5.02084e+00
9.51629e+02 4.95045e+00
9.52356e+02 4.88299e+00
9.53082e+02 4.81996e+00
9.53808e+02 4.76242e+00
9.54534e+02 4.71150e+00
9.55259e+02 4.66681e+00
9.55985e+02 4.62936e+00
9.56711e+02 4.59826e+00
9.57436e+02 4.57269e+00
9.58162e+02 4.55156e+00
9.58887e+02 4.53417e+00
9.59613e+02 4.52004e+00
9.60338e+02 4.50923e+00
9.61063e+02 4.50147e+00
9.61788e+02 4.49592e+00
9.62513e+02 4.49296e+00
9.63238e+02 4.49326e+00
9.63963e+02 4.49646e+00
9.64688e+02 4.50217e+00
9.65413e+02 4.50934e+00
9.66138e+02 4.51774e+00
9.66862e+02 4.52724e+00
9.67587e+02 4.53793e+00
9.68311e+02 4.54929e+00
9.69035e+02 4.56180e+00
9.69760e+02 4.57645e+00
9.70484e+02 4.59312e+00
9.71208e+02 4.61210e+00
9.71932e+02 4.63283e+00
9.72656e+02 4.65495e+00
9.73380e+02 4.67813e+00
9.74104e+02 4.70266e+00
9.74827e+02 4.72884e+00
9.75551e+02 4.75597e+00
9.76275e+02 4.78460e+00
9.76998e+02 4.81546e+00
9.77722e+02 4.84894e+00
9.78445e+02 4.88457e+00
9.79168e+02 4.92222e+00
9.79891e+02 4.96127e+00
9.80614e+02 5.00140e+00
9.81338e+02 5.04286e+00
9.82060e+02 5.08497e+00
9.82783e+02 5.12758e+00
9.83506e+02 5.17030e+00
9.84229e+02 5.21404e+00
9.84952e+02 5.25882e+00
9.85674e+02 5.30486e+00
9.86397e+02 5.35116e+00
9.87119e+02 5.39785e+00
9.87841e+02 5.44418e+00
9.88564e+02 5.48930e+00
9.89286e+02 5.53276e+00
9.90008e+02 5.57436e+00
9.90730e+02 5.61452e+00
9.91452e+02 5.65309e+00
9.92174e+02 5.69076e+00
9.92895e+02 5.72780e+00
9.93617e+02 5.76518e+00
9.94339e+02 5.80250e+00
9.95060e+02 5.84005e+00
9.95782e+02 5.87589e+00
9.96503e+02 5.91011e+00
9.97225e+02 5.94300e+00
9.97946e+02 5.97513e+00
9.98667e+02 6.00675e+00
9.99388e+02 6.03921e+00
1.00011e+03 6.07376e+00
1.00083e+03 6.11119e+00
1.00155e+03 6.15283e+00
1.00227e+03 6.19791e+00
1.00299e+03 6.24501e+00
1.00371e+03 6.29413e+00
1.00443e+03 6.34403e+00
1.00515e+03 6.39508e+00
1.00587e+03 6.44743e+00
1.00660e+03 6.50152e+00
1.00732e+03 6.55890e+00
1.00803e+03 6.62142e+00
1.00875e+03 6.68930e+00
1.00948e+03 6.76200e+00
1.01020e+03 6.83812e+00
1.01091e+03 6.91588e+00
1.01163e+03 6.99493e+00
1.01235e+03 7.07476e+00
1.01307e+03 7.15578e+00
1.01379e+03 7.23857e+00
1.01451e+03 7.32397e+00
1.01523e+03 7.41385e+00
1.01595e+03 7.50975e+00
1.01667e+03 7.61128e+00
1.01739e+03 7.71651e+00
1.01811e+03 7.82365e+00
1.01883e+03 7.93078e+00
1.01955e+03 8.03855e+00
1.02027e+03 8.14790e+00
1.02099e+03 8.25890e+00
1.02170e+03 8.37285e+00
1.02242e+03 8.49284e+00
1.02314e+03 8.61997e+00
1.02386e+03 8.75436e+00
1.02458e+03 8.89376e+00
1.02530e+03 9.03599e+00
1.02601e+03 9.17966e+00
1.02673e+03 9.32400e+00
1.02745e+03 9.47048e+00
1.02817e+03 9.62103e+00
1.02889e+03 9.77720e+00
1.02960e+03 9.93928e+00
1.03032e+03 1.01082e+01
1.03104e+03 1.02845e+01
1.03176e+03 1.04692e+01
1.03247e+03 1.06594e+01
1.03319e+03 1.08544e+01
1.03391e+03 1.10548e+01
1.03463e+03 1.12588e+01
1.03534e+03 1.14663e+01
1.03606e+03 1.16778e+01
1.03678e+03 1.18943e+01
1.03749e+03 1.21185e+01
1.03821e+03 1.23569e+01
1.03893e+03 1.26126e+01
1.03964e+03 1.28815e+01
1.04036e+03 1.31595e+01
1.04108e+03 1.34433e+01
1.04180e+03 1.37353e+01
1.04251e+03 1.40420e+01
1.04323e+03 1.43608e+01
1.04394e+03 1.46923e+01
1.04466e+03 1.50371e+01
1.04538e+03 1.53957e+01
1.04609e+03 1.57687e+01
1.04681e+03 1.61568e+01
1.04752e+03 1.65605e+01
1.04824e+03 1.69805e+01
1.04896e+03 1.74174e+01
1.04967e+03 1.78717e+01
1.05039e+03 1.83441e+01
1.05110e+03 1.88352e+01
1.05182e+03 1.93455e+01
1.05253e+03 1.98754e+01
1.05325e+03 2.04253e+01
1.05396e+03 2.09957e+01
1.05468e+03 2.15867e+01
1.05539e+03 2.21983e+01
1.05611e+03 2.28307e+01
1.05682e+03 2.34834e+01
1.05754e+03 2.41559e+01
1.05825e+03 2.48475e+01
1.05897e+03 2.55571e+01
1.05968e+03 2.62833e+01
1.06040e+03 2.70241e+01
1.06111e+03 2.77772e+01
